-18.000000 10.000000 2.000000 1.249956
-18.000000 15.000000 2.000000 1.224626
-18.000000 20.000000 2.000000 1.200446
-18.000000 25.000000 2.000000 1.177418
-18.000000 30.000000 2.000000 1.155540
-18.000000 35.000000 2.000000 1.134814
-18.000000 40.000000 2.000000 1.115239
-18.000000 45.000000 2.000000 1.096814
-18.000000 50.000000 2.000000 1.079541
-18.000000 55.000000 2.000000 1.063418
-18.000000 60.000000 2.000000 1.048447
-18.000000 65.000000 2.000000 1.034627
-18.000000 70.000000 2.000000 1.021957
-18.000000 75.000000 2.000000 1.010439
-18.000000 80.000000 2.000000 1.000071
-18.000000 85.000000 2.000000 0.990855
-18.000000 90.000000 2.000000 0.982790
-18.000000 95.000000 2.000000 0.975875
-18.000000 100.000000 2.000000 0.970112
-18.000000 105.000000 2.000000 0.965499
-18.000000 110.000000 2.000000 0.962038
-18.000000 115.000000 2.000000 0.959728
-18.000000 120.000000 2.000000 0.958568
-18.000000 125.000000 2.000000 0.958560
-18.000000 130.000000 2.000000 0.959702
-18.000000 135.000000 2.000000 0.961996
-18.000000 140.000000 2.000000 0.965441
-18.000000 145.000000 2.000000 0.970036
-18.000000 150.000000 2.000000 0.975783
-18.000000 155.000000 2.000000 0.982680
-18.000000 160.000000 2.000000 0.990729
-18.000000 165.000000 2.000000 0.999929
-18.000000 170.000000 2.000000 1.010279
-18.000000 175.000000 2.000000 1.021781
-17.000000 10.000000 2.000000 1.273999
-17.000000 15.000000 2.000000 1.248668
-17.000000 20.000000 2.000000 1.224489
-17.000000 25.000000 2.000000 1.201461
-17.000000 30.000000 2.000000 1.179583
-17.000000 35.000000 2.000000 1.158857
-17.000000 40.000000 2.000000 1.139281
-17.000000 45.000000 2.000000 1.120857
-17.000000 50.000000 2.000000 1.103584
-17.000000 55.000000 2.000000 1.087461
-17.000000 60.000000 2.000000 1.072490
-17.000000 65.000000 2.000000 1.058669
-17.000000 70.000000 2.000000 1.046000
-17.000000 75.000000 2.000000 1.034482
-17.000000 80.000000 2.000000 1.024114
-17.000000 85.000000 2.000000 1.014898
-17.000000 90.000000 2.000000 1.006832
-17.000000 95.000000 2.000000 0.999918
-17.000000 100.000000 2.000000 0.994155
-17.000000 105.000000 2.000000 0.989542
-17.000000 110.000000 2.000000 0.986081
-17.000000 115.000000 2.000000 0.983770
-17.000000 120.000000 2.000000 0.982611
-17.000000 125.000000 2.000000 0.982603
-17.000000 130.000000 2.000000 0.983745
-17.000000 135.000000 2.000000 0.986039
-17.000000 140.000000 2.000000 0.989483
-17.000000 145.000000 2.000000 0.994079
-17.000000 150.000000 2.000000 0.999826
-17.000000 155.000000 2.000000 1.006723
-17.000000 160.000000 2.000000 1.014772
-17.000000 165.000000 2.000000 1.023972
-17.000000 170.000000 2.000000 1.034322
-17.000000 175.000000 2.000000 1.045824
-16.000000 10.000000 2.000000 1.327000
-16.000000 15.000000 2.000000 1.301670
-16.000000 20.000000 2.000000 1.277490
-16.000000 25.000000 2.000000 1.254462
-16.000000 30.000000 2.000000 1.232585
-16.000000 35.000000 2.000000 1.211858
-16.000000 40.000000 2.000000 1.192283
-16.000000 45.000000 2.000000 1.173858
-16.000000 50.000000 2.000000 1.156585
-16.000000 55.000000 2.000000 1.140463
-16.000000 60.000000 2.000000 1.125491
-16.000000 65.000000 2.000000 1.111671
-16.000000 70.000000 2.000000 1.099001
-16.000000 75.000000 2.000000 1.087483
-16.000000 80.000000 2.000000 1.077116
-16.000000 85.000000 2.000000 1.067899
-16.000000 90.000000 2.000000 1.059834
-16.000000 95.000000 2.000000 1.052919
-16.000000 100.000000 2.000000 1.047156
-16.000000 105.000000 2.000000 1.042544
-16.000000 110.000000 2.000000 1.039082
-16.000000 115.000000 2.000000 1.036772
-16.000000 120.000000 2.000000 1.035612
-16.000000 125.000000 2.000000 1.035604
-16.000000 130.000000 2.000000 1.036747
-16.000000 135.000000 2.000000 1.039040
-16.000000 140.000000 2.000000 1.042485
-16.000000 145.000000 2.000000 1.047080
-16.000000 150.000000 2.000000 1.052827
-16.000000 155.000000 2.000000 1.059725
-16.000000 160.000000 2.000000 1.067773
-16.000000 165.000000 2.000000 1.076973
-16.000000 170.000000 2.000000 1.087324
-16.000000 175.000000 2.000000 1.098825
-15.000000 10.000000 2.000000 1.408960
-15.000000 15.000000 2.000000 1.383630
-15.000000 20.000000 2.000000 1.359450
-15.000000 25.000000 2.000000 1.336422
-15.000000 30.000000 2.000000 1.314545
-15.000000 35.000000 2.000000 1.293818
-15.000000 40.000000 2.000000 1.274243
-15.000000 45.000000 2.000000 1.255818
-15.000000 50.000000 2.000000 1.238545
-15.000000 55.000000 2.000000 1.222423
-15.000000 60.000000 2.000000 1.207451
-15.000000 65.000000 2.000000 1.193631
-15.000000 70.000000 2.000000 1.180961
-15.000000 75.000000 2.000000 1.169443
-15.000000 80.000000 2.000000 1.159076
-15.000000 85.000000 2.000000 1.149859
-15.000000 90.000000 2.000000 1.141794
-15.000000 95.000000 2.000000 1.134879
-15.000000 100.000000 2.000000 1.129116
-15.000000 105.000000 2.000000 1.124504
-15.000000 110.000000 2.000000 1.121042
-15.000000 115.000000 2.000000 1.118732
-15.000000 120.000000 2.000000 1.117572
-15.000000 125.000000 2.000000 1.117564
-15.000000 130.000000 2.000000 1.118707
-15.000000 135.000000 2.000000 1.121000
-15.000000 140.000000 2.000000 1.124445
-15.000000 145.000000 2.000000 1.129040
-15.000000 150.000000 2.000000 1.134787
-15.000000 155.000000 2.000000 1.141685
-15.000000 160.000000 2.000000 1.149733
-15.000000 165.000000 2.000000 1.158933
-15.000000 170.000000 2.000000 1.169284
-15.000000 175.000000 2.000000 1.180785
-14.000000 10.000000 2.000000 1.519879
-14.000000 15.000000 2.000000 1.494548
-14.000000 20.000000 2.000000 1.470369
-14.000000 25.000000 2.000000 1.447341
-14.000000 30.000000 2.000000 1.425463
-14.000000 35.000000 2.000000 1.404737
-14.000000 40.000000 2.000000 1.385161
-14.000000 45.000000 2.000000 1.366737
-14.000000 50.000000 2.000000 1.349464
-14.000000 55.000000 2.000000 1.333341
-14.000000 60.000000 2.000000 1.318370
-14.000000 65.000000 2.000000 1.304549
-14.000000 70.000000 2.000000 1.291880
-14.000000 75.000000 2.000000 1.280362
-14.000000 80.000000 2.000000 1.269994
-14.000000 85.000000 2.000000 1.260778
-14.000000 90.000000 2.000000 1.252712
-14.000000 95.000000 2.000000 1.245798
-14.000000 100.000000 2.000000 1.240035
-14.000000 105.000000 2.000000 1.235422
-14.000000 110.000000 2.000000 1.231961
-14.000000 115.000000 2.000000 1.229650
-14.000000 120.000000 2.000000 1.228491
-14.000000 125.000000 2.000000 1.228483
-14.000000 130.000000 2.000000 1.229625
-14.000000 135.000000 2.000000 1.231919
-14.000000 140.000000 2.000000 1.235363
-14.000000 145.000000 2.000000 1.239959
-14.000000 150.000000 2.000000 1.245706
-14.000000 155.000000 2.000000 1.252603
-14.000000 160.000000 2.000000 1.260652
-14.000000 165.000000 2.000000 1.269851
-14.000000 170.000000 2.000000 1.280202
-14.000000 175.000000 2.000000 1.291704
-13.000000 10.000000 2.000000 1.659756
-13.000000 15.000000 2.000000 1.634425
-13.000000 20.000000 2.000000 1.610246
-13.000000 25.000000 2.000000 1.587218
-13.000000 30.000000 2.000000 1.565340
-13.000000 35.000000 2.000000 1.544614
-13.000000 40.000000 2.000000 1.525038
-13.000000 45.000000 2.000000 1.506614
-13.000000 50.000000 2.000000 1.489341
-13.000000 55.000000 2.000000 1.473218
-13.000000 60.000000 2.000000 1.458247
-13.000000 65.000000 2.000000 1.444426
-13.000000 70.000000 2.000000 1.431757
-13.000000 75.000000 2.000000 1.420239
-13.000000 80.000000 2.000000 1.409871
-13.000000 85.000000 2.000000 1.400655
-13.000000 90.000000 2.000000 1.392589
-13.000000 95.000000 2.000000 1.385675
-13.000000 100.000000 2.000000 1.379912
-13.000000 105.000000 2.000000 1.375299
-13.000000 110.000000 2.000000 1.371838
-13.000000 115.000000 2.000000 1.369527
-13.000000 120.000000 2.000000 1.368368
-13.000000 125.000000 2.000000 1.368360
-13.000000 130.000000 2.000000 1.369502
-13.000000 135.000000 2.000000 1.371796
-13.000000 140.000000 2.000000 1.375241
-13.000000 145.000000 2.000000 1.379836
-13.000000 150.000000 2.000000 1.385583
-13.000000 155.000000 2.000000 1.392480
-13.000000 160.000000 2.000000 1.400529
-13.000000 165.000000 2.000000 1.409729
-13.000000 170.000000 2.000000 1.420079
-13.000000 175.000000 2.000000 1.431581
-12.000000 10.000000 2.000000 1.828591
-12.000000 15.000000 2.000000 1.803261
-12.000000 20.000000 2.000000 1.779082
-12.000000 25.000000 2.000000 1.756053
-12.000000 30.000000 2.000000 1.734176
-12.000000 35.000000 2.000000 1.713449
-12.000000 40.000000 2.000000 1.693874
-12.000000 45.000000 2.000000 1.675450
-12.000000 50.000000 2.000000 1.658176
-12.000000 55.000000 2.000000 1.642054
-12.000000 60.000000 2.000000 1.627083
-12.000000 65.000000 2.000000 1.613262
-12.000000 70.000000 2.000000 1.600593
-12.000000 75.000000 2.000000 1.589074
-12.000000 80.000000 2.000000 1.578707
-12.000000 85.000000 2.000000 1.569491
-12.000000 90.000000 2.000000 1.561425
-12.000000 95.000000 2.000000 1.554511
-12.000000 100.000000 2.000000 1.548747
-12.000000 105.000000 2.000000 1.544135
-12.000000 110.000000 2.000000 1.540674
-12.000000 115.000000 2.000000 1.538363
-12.000000 120.000000 2.000000 1.537204
-12.000000 125.000000 2.000000 1.537195
-12.000000 130.000000 2.000000 1.538338
-12.000000 135.000000 2.000000 1.540632
-12.000000 140.000000 2.000000 1.544076
-12.000000 145.000000 2.000000 1.548672
-12.000000 150.000000 2.000000 1.554418
-12.000000 155.000000 2.000000 1.561316
-12.000000 160.000000 2.000000 1.569365
-12.000000 165.000000 2.000000 1.578564
-12.000000 170.000000 2.000000 1.588915
-12.000000 175.000000 2.000000 1.600416
