-18.000000 10.000000 1.600000 1.438582
-18.000000 15.000000 1.600000 1.394132
-18.000000 20.000000 1.600000 1.351702
-18.000000 25.000000 1.600000 1.311292
-18.000000 30.000000 1.600000 1.272901
-18.000000 35.000000 1.600000 1.236531
-18.000000 40.000000 1.600000 1.202181
-18.000000 45.000000 1.600000 1.169850
-18.000000 50.000000 1.600000 1.139540
-18.000000 55.000000 1.600000 1.111249
-18.000000 60.000000 1.600000 1.084979
-18.000000 65.000000 1.600000 1.060728
-18.000000 70.000000 1.600000 1.038497
-18.000000 75.000000 1.600000 1.018287
-18.000000 80.000000 1.600000 1.000096
-18.000000 85.000000 1.600000 0.983925
-18.000000 90.000000 1.600000 0.969774
-18.000000 95.000000 1.600000 0.957643
-18.000000 100.000000 1.600000 0.947532
-18.000000 105.000000 1.600000 0.939441
-18.000000 110.000000 1.600000 0.933370
-18.000000 115.000000 1.600000 0.929319
-18.000000 120.000000 1.600000 0.927287
-18.000000 125.000000 1.600000 0.927276
-18.000000 130.000000 1.600000 0.929285
-18.000000 135.000000 1.600000 0.933314
-18.000000 140.000000 1.600000 0.939362
-18.000000 145.000000 1.600000 0.947431
-18.000000 150.000000 1.600000 0.957519
-18.000000 155.000000 1.600000 0.969628
-18.000000 160.000000 1.600000 0.983756
-18.000000 165.000000 1.600000 0.999904
-18.000000 170.000000 1.600000 1.018073
-18.000000 175.000000 1.600000 1.038261
-17.000000 10.000000 1.600000 1.480907
-17.000000 15.000000 1.600000 1.436457
-17.000000 20.000000 1.600000 1.394026
-17.000000 25.000000 1.600000 1.353616
-17.000000 30.000000 1.600000 1.315226
-17.000000 35.000000 1.600000 1.278856
-17.000000 40.000000 1.600000 1.244505
-17.000000 45.000000 1.600000 1.212175
-17.000000 50.000000 1.600000 1.181864
-17.000000 55.000000 1.600000 1.153574
-17.000000 60.000000 1.600000 1.127303
-17.000000 65.000000 1.600000 1.103052
-17.000000 70.000000 1.600000 1.080822
-17.000000 75.000000 1.600000 1.060611
-17.000000 80.000000 1.600000 1.042420
-17.000000 85.000000 1.600000 1.026249
-17.000000 90.000000 1.600000 1.012098
-17.000000 95.000000 1.600000 0.999967
-17.000000 100.000000 1.600000 0.989856
-17.000000 105.000000 1.600000 0.981765
-17.000000 110.000000 1.600000 0.975694
-17.000000 115.000000 1.600000 0.971643
-17.000000 120.000000 1.600000 0.969612
-17.000000 125.000000 1.600000 0.969601
-17.000000 130.000000 1.600000 0.971609
-17.000000 135.000000 1.600000 0.975638
-17.000000 140.000000 1.600000 0.981687
-17.000000 145.000000 1.600000 0.989755
-17.000000 150.000000 1.600000 0.999844
-17.000000 155.000000 1.600000 1.011952
-17.000000 160.000000 1.600000 1.026080
-17.000000 165.000000 1.600000 1.042229
-17.000000 170.000000 1.600000 1.060397
-17.000000 175.000000 1.600000 1.080585
-16.000000 10.000000 1.600000 1.574192
-16.000000 15.000000 1.600000 1.529742
-16.000000 20.000000 1.600000 1.487311
-16.000000 25.000000 1.600000 1.446901
-16.000000 30.000000 1.600000 1.408511
-16.000000 35.000000 1.600000 1.372140
-16.000000 40.000000 1.600000 1.337790
-16.000000 45.000000 1.600000 1.305460
-16.000000 50.000000 1.600000 1.275149
-16.000000 55.000000 1.600000 1.246859
-16.000000 60.000000 1.600000 1.220588
-16.000000 65.000000 1.600000 1.196337
-16.000000 70.000000 1.600000 1.174107
-16.000000 75.000000 1.600000 1.153896
-16.000000 80.000000 1.600000 1.135705
-16.000000 85.000000 1.600000 1.119534
-16.000000 90.000000 1.600000 1.105383
-16.000000 95.000000 1.600000 1.093252
-16.000000 100.000000 1.600000 1.083141
-16.000000 105.000000 1.600000 1.075050
-16.000000 110.000000 1.600000 1.068979
-16.000000 115.000000 1.600000 1.064928
-16.000000 120.000000 1.600000 1.062897
-16.000000 125.000000 1.600000 1.062886
-16.000000 130.000000 1.600000 1.064894
-16.000000 135.000000 1.600000 1.068923
-16.000000 140.000000 1.600000 1.074972
-16.000000 145.000000 1.600000 1.083040
-16.000000 150.000000 1.600000 1.093129
-16.000000 155.000000 1.600000 1.105237
-16.000000 160.000000 1.600000 1.119365
-16.000000 165.000000 1.600000 1.135514
-16.000000 170.000000 1.600000 1.153682
-16.000000 175.000000 1.600000 1.173870
-15.000000 10.000000 1.600000 1.718437
-15.000000 15.000000 1.600000 1.673987
-15.000000 20.000000 1.600000 1.631557
-15.000000 25.000000 1.600000 1.591147
-15.000000 30.000000 1.600000 1.552756
-15.000000 35.000000 1.600000 1.516386
-15.000000 40.000000 1.600000 1.482036
-15.000000 45.000000 1.600000 1.449705
-15.000000 50.000000 1.600000 1.419395
-15.000000 55.000000 1.600000 1.391104
-15.000000 60.000000 1.600000 1.364834
-15.000000 65.000000 1.600000 1.340583
-15.000000 70.000000 1.600000 1.318352
-15.000000 75.000000 1.600000 1.298141
-15.000000 80.000000 1.600000 1.279951
-15.000000 85.000000 1.600000 1.263780
-15.000000 90.000000 1.600000 1.249629
-15.000000 95.000000 1.600000 1.237498
-15.000000 100.000000 1.600000 1.227387
-15.000000 105.000000 1.600000 1.219296
-15.000000 110.000000 1.600000 1.213225
-15.000000 115.000000 1.600000 1.209174
-15.000000 120.000000 1.600000 1.207142
-15.000000 125.000000 1.600000 1.207131
-15.000000 130.000000 1.600000 1.209140
-15.000000 135.000000 1.600000 1.213168
-15.000000 140.000000 1.600000 1.219217
-15.000000 145.000000 1.600000 1.227286
-15.000000 150.000000 1.600000 1.237374
-15.000000 155.000000 1.600000 1.249482
-15.000000 160.000000 1.600000 1.263611
-15.000000 165.000000 1.600000 1.279759
-15.000000 170.000000 1.600000 1.297927
-15.000000 175.000000 1.600000 1.318116
-14.000000 10.000000 1.600000 1.913643
-14.000000 15.000000 1.600000 1.869193
-14.000000 20.000000 1.600000 1.826763
-14.000000 25.000000 1.600000 1.786353
-14.000000 30.000000 1.600000 1.747962
-14.000000 35.000000 1.600000 1.711592
-14.000000 40.000000 1.600000 1.677242
-14.000000 45.000000 1.600000 1.644911
-14.000000 50.000000 1.600000 1.614601
-14.000000 55.000000 1.600000 1.586310
-14.000000 60.000000 1.600000 1.560040
-14.000000 65.000000 1.600000 1.535789
-14.000000 70.000000 1.600000 1.513558
-14.000000 75.000000 1.600000 1.493348
-14.000000 80.000000 1.600000 1.475157
-14.000000 85.000000 1.600000 1.458986
-14.000000 90.000000 1.600000 1.444835
-14.000000 95.000000 1.600000 1.432704
-14.000000 100.000000 1.600000 1.422593
-14.000000 105.000000 1.600000 1.414502
-14.000000 110.000000 1.600000 1.408431
-14.000000 115.000000 1.600000 1.404380
-14.000000 120.000000 1.600000 1.402348
-14.000000 125.000000 1.600000 1.402337
-14.000000 130.000000 1.600000 1.404346
-14.000000 135.000000 1.600000 1.408375
-14.000000 140.000000 1.600000 1.414423
-14.000000 145.000000 1.600000 1.422492
-14.000000 150.000000 1.600000 1.432580
-14.000000 155.000000 1.600000 1.444689
-14.000000 160.000000 1.600000 1.458817
-14.000000 165.000000 1.600000 1.474965
-14.000000 170.000000 1.600000 1.493134
-14.000000 175.000000 1.600000 1.513322
-13.000000 10.000000 1.600000 2.159810
-13.000000 15.000000 1.600000 2.115360
-13.000000 20.000000 1.600000 2.072930
-13.000000 25.000000 1.600000 2.032519
-13.000000 30.000000 1.600000 1.994129
-13.000000 35.000000 1.600000 1.957759
-13.000000 40.000000 1.600000 1.923408
-13.000000 45.000000 1.600000 1.891078
-13.000000 50.000000 1.600000 1.860767
-13.000000 55.000000 1.600000 1.832477
-13.000000 60.000000 1.600000 1.806206
-13.000000 65.000000 1.600000 1.781956
-13.000000 70.000000 1.600000 1.759725
-13.000000 75.000000 1.600000 1.739514
-13.000000 80.000000 1.600000 1.721323
-13.000000 85.000000 1.600000 1.705152
-13.000000 90.000000 1.600000 1.691002
-13.000000 95.000000 1.600000 1.678871
-13.000000 100.000000 1.600000 1.668760
-13.000000 105.000000 1.600000 1.660669
-13.000000 110.000000 1.600000 1.654597
-13.000000 115.000000 1.600000 1.650546
-13.000000 120.000000 1.600000 1.648515
-13.000000 125.000000 1.600000 1.648504
-13.000000 130.000000 1.600000 1.650513
-13.000000 135.000000 1.600000 1.654541
-13.000000 140.000000 1.600000 1.660590
-13.000000 145.000000 1.600000 1.668658
-13.000000 150.000000 1.600000 1.678747
-13.000000 155.000000 1.600000 1.690855
-13.000000 160.000000 1.600000 1.704984
-13.000000 165.000000 1.600000 1.721132
-13.000000 170.000000 1.600000 1.739300
-13.000000 175.000000 1.600000 1.759488
-12.000000 10.000000 1.600000 2.456937
-12.000000 15.000000 1.600000 2.412487
-12.000000 20.000000 1.600000 2.370057
-12.000000 25.000000 1.600000 2.329646
-12.000000 30.000000 1.600000 2.291256
-12.000000 35.000000 1.600000 2.254886
-12.000000 40.000000 1.600000 2.220535
-12.000000 45.000000 1.600000 2.188205
-12.000000 50.000000 1.600000 2.157895
-12.000000 55.000000 1.600000 2.129604
-12.000000 60.000000 1.600000 2.103333
-12.000000 65.000000 1.600000 2.079083
-12.000000 70.000000 1.600000 2.056852
-12.000000 75.000000 1.600000 2.036641
-12.000000 80.000000 1.600000 2.018450
-12.000000 85.000000 1.600000 2.002280
-12.000000 90.000000 1.600000 1.988129
-12.000000 95.000000 1.600000 1.975998
-12.000000 100.000000 1.600000 1.965887
-12.000000 105.000000 1.600000 1.957796
-12.000000 110.000000 1.600000 1.951725
-12.000000 115.000000 1.600000 1.947673
-12.000000 120.000000 1.600000 1.945642
-12.000000 125.000000 1.600000 1.945631
-12.000000 130.000000 1.600000 1.947640
-12.000000 135.000000 1.600000 1.951668
-12.000000 140.000000 1.600000 1.957717
-12.000000 145.000000 1.600000 1.965785
-12.000000 150.000000 1.600000 1.975874
-12.000000 155.000000 1.600000 1.987982
-12.000000 160.000000 1.600000 2.002111
-12.000000 165.000000 1.600000 2.018259
-12.000000 170.000000 1.600000 2.036427
-12.000000 175.000000 1.600000 2.056616
