-18.000000 10.000000 2.400000 1.171321
-18.000000 15.000000 2.400000 1.153961
-18.000000 20.000000 2.400000 1.137390
-18.000000 25.000000 2.400000 1.121607
-18.000000 30.000000 2.400000 1.106614
-18.000000 35.000000 2.400000 1.092409
-18.000000 40.000000 2.400000 1.078993
-18.000000 45.000000 2.400000 1.066366
-18.000000 50.000000 2.400000 1.054527
-18.000000 55.000000 2.400000 1.043478
-18.000000 60.000000 2.400000 1.033217
-18.000000 65.000000 2.400000 1.023744
-18.000000 70.000000 2.400000 1.015061
-18.000000 75.000000 2.400000 1.007166
-18.000000 80.000000 2.400000 1.000060
-18.000000 85.000000 2.400000 0.993743
-18.000000 90.000000 2.400000 0.988215
-18.000000 95.000000 2.400000 0.983475
-18.000000 100.000000 2.400000 0.979524
-18.000000 105.000000 2.400000 0.976362
-18.000000 110.000000 2.400000 0.973989
-18.000000 115.000000 2.400000 0.972404
-18.000000 120.000000 2.400000 0.971608
-18.000000 125.000000 2.400000 0.971601
-18.000000 130.000000 2.400000 0.972383
-18.000000 135.000000 2.400000 0.973953
-18.000000 140.000000 2.400000 0.976312
-18.000000 145.000000 2.400000 0.979460
-18.000000 150.000000 2.400000 0.983397
-18.000000 155.000000 2.400000 0.988122
-18.000000 160.000000 2.400000 0.993637
-18.000000 165.000000 2.400000 0.999940
-18.000000 170.000000 2.400000 1.007031
-18.000000 175.000000 2.400000 1.014912
-17.000000 10.000000 2.400000 1.187746
-17.000000 15.000000 2.400000 1.170386
-17.000000 20.000000 2.400000 1.153815
-17.000000 25.000000 2.400000 1.138033
-17.000000 30.000000 2.400000 1.123039
-17.000000 35.000000 2.400000 1.108834
-17.000000 40.000000 2.400000 1.095418
-17.000000 45.000000 2.400000 1.082791
-17.000000 50.000000 2.400000 1.070953
-17.000000 55.000000 2.400000 1.059903
-17.000000 60.000000 2.400000 1.049642
-17.000000 65.000000 2.400000 1.040170
-17.000000 70.000000 2.400000 1.031486
-17.000000 75.000000 2.400000 1.023592
-17.000000 80.000000 2.400000 1.016486
-17.000000 85.000000 2.400000 1.010168
-17.000000 90.000000 2.400000 1.004640
-17.000000 95.000000 2.400000 0.999900
-17.000000 100.000000 2.400000 0.995949
-17.000000 105.000000 2.400000 0.992787
-17.000000 110.000000 2.400000 0.990414
-17.000000 115.000000 2.400000 0.988829
-17.000000 120.000000 2.400000 0.988033
-17.000000 125.000000 2.400000 0.988026
-17.000000 130.000000 2.400000 0.988808
-17.000000 135.000000 2.400000 0.990378
-17.000000 140.000000 2.400000 0.992738
-17.000000 145.000000 2.400000 0.995886
-17.000000 150.000000 2.400000 0.999822
-17.000000 155.000000 2.400000 1.004548
-17.000000 160.000000 2.400000 1.010062
-17.000000 165.000000 2.400000 1.016365
-17.000000 170.000000 2.400000 1.023457
-17.000000 175.000000 2.400000 1.031337
-16.000000 10.000000 2.400000 1.223961
-16.000000 15.000000 2.400000 1.206602
-16.000000 20.000000 2.400000 1.190031
-16.000000 25.000000 2.400000 1.174248
-16.000000 30.000000 2.400000 1.159255
-16.000000 35.000000 2.400000 1.145050
-16.000000 40.000000 2.400000 1.131634
-16.000000 45.000000 2.400000 1.119007
-16.000000 50.000000 2.400000 1.107168
-16.000000 55.000000 2.400000 1.096118
-16.000000 60.000000 2.400000 1.085858
-16.000000 65.000000 2.400000 1.076385
-16.000000 70.000000 2.400000 1.067702
-16.000000 75.000000 2.400000 1.059807
-16.000000 80.000000 2.400000 1.052701
-16.000000 85.000000 2.400000 1.046384
-16.000000 90.000000 2.400000 1.040856
-16.000000 95.000000 2.400000 1.036116
-16.000000 100.000000 2.400000 1.032165
-16.000000 105.000000 2.400000 1.029003
-16.000000 110.000000 2.400000 1.026630
-16.000000 115.000000 2.400000 1.025045
-16.000000 120.000000 2.400000 1.024249
-16.000000 125.000000 2.400000 1.024242
-16.000000 130.000000 2.400000 1.025024
-16.000000 135.000000 2.400000 1.026594
-16.000000 140.000000 2.400000 1.028953
-16.000000 145.000000 2.400000 1.032101
-16.000000 150.000000 2.400000 1.036038
-16.000000 155.000000 2.400000 1.040763
-16.000000 160.000000 2.400000 1.046277
-16.000000 165.000000 2.400000 1.052580
-16.000000 170.000000 2.400000 1.059672
-16.000000 175.000000 2.400000 1.067553
-15.000000 10.000000 2.400000 1.279967
-15.000000 15.000000 2.400000 1.262607
-15.000000 20.000000 2.400000 1.246036
-15.000000 25.000000 2.400000 1.230254
-15.000000 30.000000 2.400000 1.215261
-15.000000 35.000000 2.400000 1.201056
-15.000000 40.000000 2.400000 1.187640
-15.000000 45.000000 2.400000 1.175013
-15.000000 50.000000 2.400000 1.163174
-15.000000 55.000000 2.400000 1.152124
-15.000000 60.000000 2.400000 1.141863
-15.000000 65.000000 2.400000 1.132391
-15.000000 70.000000 2.400000 1.123708
-15.000000 75.000000 2.400000 1.115813
-15.000000 80.000000 2.400000 1.108707
-15.000000 85.000000 2.400000 1.102390
-15.000000 90.000000 2.400000 1.096861
-15.000000 95.000000 2.400000 1.092122
-15.000000 100.000000 2.400000 1.088171
-15.000000 105.000000 2.400000 1.085009
-15.000000 110.000000 2.400000 1.082635
-15.000000 115.000000 2.400000 1.081051
-15.000000 120.000000 2.400000 1.080255
-15.000000 125.000000 2.400000 1.080248
-15.000000 130.000000 2.400000 1.081029
-15.000000 135.000000 2.400000 1.082600
-15.000000 140.000000 2.400000 1.084959
-15.000000 145.000000 2.400000 1.088107
-15.000000 150.000000 2.400000 1.092044
-15.000000 155.000000 2.400000 1.096769
-15.000000 160.000000 2.400000 1.102283
-15.000000 165.000000 2.400000 1.108586
-15.000000 170.000000 2.400000 1.115678
-15.000000 175.000000 2.400000 1.123558
-14.000000 10.000000 2.400000 1.355763
-14.000000 15.000000 2.400000 1.338404
-14.000000 20.000000 2.400000 1.321833
-14.000000 25.000000 2.400000 1.306050
-14.000000 30.000000 2.400000 1.291057
-14.000000 35.000000 2.400000 1.276852
-14.000000 40.000000 2.400000 1.263436
-14.000000 45.000000 2.400000 1.250809
-14.000000 50.000000 2.400000 1.238970
-14.000000 55.000000 2.400000 1.227920
-14.000000 60.000000 2.400000 1.217659
-14.000000 65.000000 2.400000 1.208187
-14.000000 70.000000 2.400000 1.199504
-14.000000 75.000000 2.400000 1.191609
-14.000000 80.000000 2.400000 1.184503
-14.000000 85.000000 2.400000 1.178186
-14.000000 90.000000 2.400000 1.172658
-14.000000 95.000000 2.400000 1.167918
-14.000000 100.000000 2.400000 1.163967
-14.000000 105.000000 2.400000 1.160805
-14.000000 110.000000 2.400000 1.158432
-14.000000 115.000000 2.400000 1.156847
-14.000000 120.000000 2.400000 1.156051
-14.000000 125.000000 2.400000 1.156044
-14.000000 130.000000 2.400000 1.156826
-14.000000 135.000000 2.400000 1.158396
-14.000000 140.000000 2.400000 1.160755
-14.000000 145.000000 2.400000 1.163903
-14.000000 150.000000 2.400000 1.167840
-14.000000 155.000000 2.400000 1.172565
-14.000000 160.000000 2.400000 1.178079
-14.000000 165.000000 2.400000 1.184382
-14.000000 170.000000 2.400000 1.191474
-14.000000 175.000000 2.400000 1.199355
-13.000000 10.000000 2.400000 1.451350
-13.000000 15.000000 2.400000 1.433990
-13.000000 20.000000 2.400000 1.417419
-13.000000 25.000000 2.400000 1.401637
-13.000000 30.000000 2.400000 1.386643
-13.000000 35.000000 2.400000 1.372438
-13.000000 40.000000 2.400000 1.359022
-13.000000 45.000000 2.400000 1.346395
-13.000000 50.000000 2.400000 1.334557
-13.000000 55.000000 2.400000 1.323507
-13.000000 60.000000 2.400000 1.313246
-13.000000 65.000000 2.400000 1.303774
-13.000000 70.000000 2.400000 1.295090
-13.000000 75.000000 2.400000 1.287196
-13.000000 80.000000 2.400000 1.280090
-13.000000 85.000000 2.400000 1.273772
-13.000000 90.000000 2.400000 1.268244
-13.000000 95.000000 2.400000 1.263504
-13.000000 100.000000 2.400000 1.259553
-13.000000 105.000000 2.400000 1.256391
-13.000000 110.000000 2.400000 1.254018
-13.000000 115.000000 2.400000 1.252433
-13.000000 120.000000 2.400000 1.251637
-13.000000 125.000000 2.400000 1.251630
-13.000000 130.000000 2.400000 1.252412
-13.000000 135.000000 2.400000 1.253982
-13.000000 140.000000 2.400000 1.256342
-13.000000 145.000000 2.400000 1.259490
-13.000000 150.000000 2.400000 1.263426
-13.000000 155.000000 2.400000 1.268152
-13.000000 160.000000 2.400000 1.273666
-13.000000 165.000000 2.400000 1.279969
-13.000000 170.000000 2.400000 1.287061
-13.000000 175.000000 2.400000 1.294941
-12.000000 10.000000 2.400000 1.566727
-12.000000 15.000000 2.400000 1.549367
-12.000000 20.000000 2.400000 1.532796
-12.000000 25.000000 2.400000 1.517013
-12.000000 30.000000 2.400000 1.502020
-12.000000 35.000000 2.400000 1.487815
-12.000000 40.000000 2.400000 1.474399
-12.000000 45.000000 2.400000 1.461772
-12.000000 50.000000 2.400000 1.449933
-12.000000 55.000000 2.400000 1.438884
-12.000000 60.000000 2.400000 1.428623
-12.000000 65.000000 2.400000 1.419150
-12.000000 70.000000 2.400000 1.410467
-12.000000 75.000000 2.400000 1.402572
-12.000000 80.000000 2.400000 1.395466
-12.000000 85.000000 2.400000 1.389149
-12.000000 90.000000 2.400000 1.383621
-12.000000 95.000000 2.400000 1.378881
-12.000000 100.000000 2.400000 1.374930
-12.000000 105.000000 2.400000 1.371768
-12.000000 110.000000 2.400000 1.369395
-12.000000 115.000000 2.400000 1.367810
-12.000000 120.000000 2.400000 1.367014
-12.000000 125.000000 2.400000 1.367007
-12.000000 130.000000 2.400000 1.367789
-12.000000 135.000000 2.400000 1.369359
-12.000000 140.000000 2.400000 1.371718
-12.000000 145.000000 2.400000 1.374866
-12.000000 150.000000 2.400000 1.378803
-12.000000 155.000000 2.400000 1.383528
-12.000000 160.000000 2.400000 1.389043
-12.000000 165.000000 2.400000 1.395346
-12.000000 170.000000 2.400000 1.402437
-12.000000 175.000000 2.400000 1.410318
