-18.000000 10.000000 1.800000 1.319857
-18.000000 15.000000 1.800000 1.287441
-18.000000 20.000000 1.800000 1.256499
-18.000000 25.000000 1.800000 1.227029
-18.000000 30.000000 1.800000 1.199032
-18.000000 35.000000 1.800000 1.172508
-18.000000 40.000000 1.800000 1.147458
-18.000000 45.000000 1.800000 1.123880
-18.000000 50.000000 1.800000 1.101775
-18.000000 55.000000 1.800000 1.081144
-18.000000 60.000000 1.800000 1.061985
-18.000000 65.000000 1.800000 1.044299
-18.000000 70.000000 1.800000 1.028087
-18.000000 75.000000 1.800000 1.013347
-18.000000 80.000000 1.800000 1.000081
-18.000000 85.000000 1.800000 0.988287
-18.000000 90.000000 1.800000 0.977966
-18.000000 95.000000 1.800000 0.969119
-18.000000 100.000000 1.800000 0.961744
-18.000000 105.000000 1.800000 0.955843
-18.000000 110.000000 1.800000 0.951414
-18.000000 115.000000 1.800000 0.948459
-18.000000 120.000000 1.800000 0.946976
-18.000000 125.000000 1.800000 0.946967
-18.000000 130.000000 1.800000 0.948430
-18.000000 135.000000 1.800000 0.951367
-18.000000 140.000000 1.800000 0.955776
-18.000000 145.000000 1.800000 0.961659
-18.000000 150.000000 1.800000 0.969015
-18.000000 155.000000 1.800000 0.977843
-18.000000 160.000000 1.800000 0.988145
-18.000000 165.000000 1.800000 0.999919
-18.000000 170.000000 1.800000 1.013167
-18.000000 175.000000 1.800000 1.027888
-17.000000 10.000000 1.800000 1.350674
-17.000000 15.000000 1.800000 1.318258
-17.000000 20.000000 1.800000 1.287315
-17.000000 25.000000 1.800000 1.257846
-17.000000 30.000000 1.800000 1.229849
-17.000000 35.000000 1.800000 1.203325
-17.000000 40.000000 1.800000 1.178274
-17.000000 45.000000 1.800000 1.154697
-17.000000 50.000000 1.800000 1.132592
-17.000000 55.000000 1.800000 1.111960
-17.000000 60.000000 1.800000 1.092802
-17.000000 65.000000 1.800000 1.075116
-17.000000 70.000000 1.800000 1.058904
-17.000000 75.000000 1.800000 1.044164
-17.000000 80.000000 1.800000 1.030897
-17.000000 85.000000 1.800000 1.019104
-17.000000 90.000000 1.800000 1.008783
-17.000000 95.000000 1.800000 0.999936
-17.000000 100.000000 1.800000 0.992561
-17.000000 105.000000 1.800000 0.986660
-17.000000 110.000000 1.800000 0.982231
-17.000000 115.000000 1.800000 0.979276
-17.000000 120.000000 1.800000 0.977793
-17.000000 125.000000 1.800000 0.977784
-17.000000 130.000000 1.800000 0.979247
-17.000000 135.000000 1.800000 0.982184
-17.000000 140.000000 1.800000 0.986593
-17.000000 145.000000 1.800000 0.992476
-17.000000 150.000000 1.800000 0.999831
-17.000000 155.000000 1.800000 1.008660
-17.000000 160.000000 1.800000 1.018962
-17.000000 165.000000 1.800000 1.030736
-17.000000 170.000000 1.800000 1.043984
-17.000000 175.000000 1.800000 1.058705
-16.000000 10.000000 1.800000 1.418602
-16.000000 15.000000 1.800000 1.386186
-16.000000 20.000000 1.800000 1.355243
-16.000000 25.000000 1.800000 1.325774
-16.000000 30.000000 1.800000 1.297777
-16.000000 35.000000 1.800000 1.271253
-16.000000 40.000000 1.800000 1.246202
-16.000000 45.000000 1.800000 1.222625
-16.000000 50.000000 1.800000 1.200520
-16.000000 55.000000 1.800000 1.179888
-16.000000 60.000000 1.800000 1.160730
-16.000000 65.000000 1.800000 1.143044
-16.000000 70.000000 1.800000 1.126832
-16.000000 75.000000 1.800000 1.112092
-16.000000 80.000000 1.800000 1.098825
-16.000000 85.000000 1.800000 1.087032
-16.000000 90.000000 1.800000 1.076711
-16.000000 95.000000 1.800000 1.067864
-16.000000 100.000000 1.800000 1.060489
-16.000000 105.000000 1.800000 1.054588
-16.000000 110.000000 1.800000 1.050159
-16.000000 115.000000 1.800000 1.047204
-16.000000 120.000000 1.800000 1.045721
-16.000000 125.000000 1.800000 1.045712
-16.000000 130.000000 1.800000 1.047175
-16.000000 135.000000 1.800000 1.050112
-16.000000 140.000000 1.800000 1.054521
-16.000000 145.000000 1.800000 1.060404
-16.000000 150.000000 1.800000 1.067759
-16.000000 155.000000 1.800000 1.076588
-16.000000 160.000000 1.800000 1.086890
-16.000000 165.000000 1.800000 1.098664
-16.000000 170.000000 1.800000 1.111912
-16.000000 175.000000 1.800000 1.126633
-15.000000 10.000000 1.800000 1.523641
-15.000000 15.000000 1.800000 1.491225
-15.000000 20.000000 1.800000 1.460282
-15.000000 25.000000 1.800000 1.430813
-15.000000 30.000000 1.800000 1.402816
-15.000000 35.000000 1.800000 1.376292
-15.000000 40.000000 1.800000 1.351242
-15.000000 45.000000 1.800000 1.327664
-15.000000 50.000000 1.800000 1.305559
-15.000000 55.000000 1.800000 1.284928
-15.000000 60.000000 1.800000 1.265769
-15.000000 65.000000 1.800000 1.248083
-15.000000 70.000000 1.800000 1.231871
-15.000000 75.000000 1.800000 1.217131
-15.000000 80.000000 1.800000 1.203864
-15.000000 85.000000 1.800000 1.192071
-15.000000 90.000000 1.800000 1.181750
-15.000000 95.000000 1.800000 1.172903
-15.000000 100.000000 1.800000 1.165528
-15.000000 105.000000 1.800000 1.159627
-15.000000 110.000000 1.800000 1.155198
-15.000000 115.000000 1.800000 1.152243
-15.000000 120.000000 1.800000 1.150760
-15.000000 125.000000 1.800000 1.150751
-15.000000 130.000000 1.800000 1.152214
-15.000000 135.000000 1.800000 1.155151
-15.000000 140.000000 1.800000 1.159560
-15.000000 145.000000 1.800000 1.165443
-15.000000 150.000000 1.800000 1.172798
-15.000000 155.000000 1.800000 1.181627
-15.000000 160.000000 1.800000 1.191929
-15.000000 165.000000 1.800000 1.203703
-15.000000 170.000000 1.800000 1.216951
-15.000000 175.000000 1.800000 1.231672
-14.000000 10.000000 1.800000 1.665791
-14.000000 15.000000 1.800000 1.633376
-14.000000 20.000000 1.800000 1.602433
-14.000000 25.000000 1.800000 1.572963
-14.000000 30.000000 1.800000 1.544966
-14.000000 35.000000 1.800000 1.518443
-14.000000 40.000000 1.800000 1.493392
-14.000000 45.000000 1.800000 1.469814
-14.000000 50.000000 1.800000 1.447709
-14.000000 55.000000 1.800000 1.427078
-14.000000 60.000000 1.800000 1.407919
-14.000000 65.000000 1.800000 1.390234
-14.000000 70.000000 1.800000 1.374021
-14.000000 75.000000 1.800000 1.359281
-14.000000 80.000000 1.800000 1.346015
-14.000000 85.000000 1.800000 1.334221
-14.000000 90.000000 1.800000 1.323901
-14.000000 95.000000 1.800000 1.315053
-14.000000 100.000000 1.800000 1.307678
-14.000000 105.000000 1.800000 1.301777
-14.000000 110.000000 1.800000 1.297348
-14.000000 115.000000 1.800000 1.294393
-14.000000 120.000000 1.800000 1.292910
-14.000000 125.000000 1.800000 1.292901
-14.000000 130.000000 1.800000 1.294365
-14.000000 135.000000 1.800000 1.297301
-14.000000 140.000000 1.800000 1.301711
-14.000000 145.000000 1.800000 1.307593
-14.000000 150.000000 1.800000 1.314949
-14.000000 155.000000 1.800000 1.323777
-14.000000 160.000000 1.800000 1.334079
-14.000000 165.000000 1.800000 1.345854
-14.000000 170.000000 1.800000 1.359101
-14.000000 175.000000 1.800000 1.373822
-13.000000 10.000000 1.800000 1.845053
-13.000000 15.000000 1.800000 1.812637
-13.000000 20.000000 1.800000 1.781694
-13.000000 25.000000 1.800000 1.752224
-13.000000 30.000000 1.800000 1.724228
-13.000000 35.000000 1.800000 1.697704
-13.000000 40.000000 1.800000 1.672653
-13.000000 45.000000 1.800000 1.649076
-13.000000 50.000000 1.800000 1.626971
-13.000000 55.000000 1.800000 1.606339
-13.000000 60.000000 1.800000 1.587181
-13.000000 65.000000 1.800000 1.569495
-13.000000 70.000000 1.800000 1.553282
-13.000000 75.000000 1.800000 1.538543
-13.000000 80.000000 1.800000 1.525276
-13.000000 85.000000 1.800000 1.513483
-13.000000 90.000000 1.800000 1.503162
-13.000000 95.000000 1.800000 1.494314
-13.000000 100.000000 1.800000 1.486940
-13.000000 105.000000 1.800000 1.481038
-13.000000 110.000000 1.800000 1.476610
-13.000000 115.000000 1.800000 1.473654
-13.000000 120.000000 1.800000 1.472172
-13.000000 125.000000 1.800000 1.472162
-13.000000 130.000000 1.800000 1.473626
-13.000000 135.000000 1.800000 1.476563
-13.000000 140.000000 1.800000 1.480972
-13.000000 145.000000 1.800000 1.486855
-13.000000 150.000000 1.800000 1.494210
-13.000000 155.000000 1.800000 1.503039
-13.000000 160.000000 1.800000 1.513340
-13.000000 165.000000 1.800000 1.525115
-13.000000 170.000000 1.800000 1.538363
-13.000000 175.000000 1.800000 1.553083
-12.000000 10.000000 1.800000 2.061425
-12.000000 15.000000 1.800000 2.029010
-12.000000 20.000000 1.800000 1.998067
-12.000000 25.000000 1.800000 1.968597
-12.000000 30.000000 1.800000 1.940600
-12.000000 35.000000 1.800000 1.914077
-12.000000 40.000000 1.800000 1.889026
-12.000000 45.000000 1.800000 1.865448
-12.000000 50.000000 1.800000 1.843344
-12.000000 55.000000 1.800000 1.822712
-12.000000 60.000000 1.800000 1.803553
-12.000000 65.000000 1.800000 1.785868
-12.000000 70.000000 1.800000 1.769655
-12.000000 75.000000 1.800000 1.754915
-12.000000 80.000000 1.800000 1.741649
-12.000000 85.000000 1.800000 1.729855
-12.000000 90.000000 1.800000 1.719535
-12.000000 95.000000 1.800000 1.710687
-12.000000 100.000000 1.800000 1.703313
-12.000000 105.000000 1.800000 1.697411
-12.000000 110.000000 1.800000 1.692982
-12.000000 115.000000 1.800000 1.690027
-12.000000 120.000000 1.800000 1.688545
-12.000000 125.000000 1.800000 1.688535
-12.000000 130.000000 1.800000 1.689999
-12.000000 135.000000 1.800000 1.692935
-12.000000 140.000000 1.800000 1.697345
-12.000000 145.000000 1.800000 1.703227
-12.000000 150.000000 1.800000 1.710583
-12.000000 155.000000 1.800000 1.719411
-12.000000 160.000000 1.800000 1.729713
-12.000000 165.000000 1.800000 1.741488
-12.000000 170.000000 1.800000 1.754735
-12.000000 175.000000 1.800000 1.769456
