-18.000000 10.000000 1.400000 1.563502
-18.000000 15.000000 1.400000 1.499106
-18.000000 20.000000 1.400000 1.437636
-18.000000 25.000000 1.400000 1.379094
-18.000000 30.000000 1.400000 1.323477
-18.000000 35.000000 1.400000 1.270787
-18.000000 40.000000 1.400000 1.221023
-18.000000 45.000000 1.400000 1.174186
-18.000000 50.000000 1.400000 1.130276
-18.000000 55.000000 1.400000 1.089291
-18.000000 60.000000 1.400000 1.051234
-18.000000 65.000000 1.400000 1.016102
-18.000000 70.000000 1.400000 0.983898
-18.000000 75.000000 1.400000 0.954619
-18.000000 80.000000 1.400000 0.928267
-18.000000 85.000000 1.400000 0.904842
-18.000000 90.000000 1.400000 0.884343
-18.000000 95.000000 1.400000 0.866770
-18.000000 150.000000 1.400000 0.866618
-18.000000 155.000000 1.400000 0.884163
-18.000000 160.000000 1.400000 0.904635
-18.000000 165.000000 1.400000 0.928033
-18.000000 170.000000 1.400000 0.954357
-18.000000 175.000000 1.400000 0.983608
-17.000000 10.000000 1.400000 1.624915
-17.000000 15.000000 1.400000 1.560519
-17.000000 20.000000 1.400000 1.499050
-17.000000 25.000000 1.400000 1.440507
-17.000000 30.000000 1.400000 1.384890
-17.000000 35.000000 1.400000 1.332200
-17.000000 40.000000 1.400000 1.282437
-17.000000 45.000000 1.400000 1.235600
-17.000000 50.000000 1.400000 1.191689
-17.000000 55.000000 1.400000 1.150705
-17.000000 60.000000 1.400000 1.112647
-17.000000 65.000000 1.400000 1.077516
-17.000000 70.000000 1.400000 1.045311
-17.000000 75.000000 1.400000 1.016032
-17.000000 80.000000 1.400000 0.989681
-17.000000 85.000000 1.400000 0.966255
-17.000000 90.000000 1.400000 0.945756
-17.000000 95.000000 1.400000 0.928184
-17.000000 100.000000 1.400000 0.913537
-17.000000 105.000000 1.400000 0.901818
-17.000000 145.000000 1.400000 0.913413
-17.000000 150.000000 1.400000 0.928032
-17.000000 155.000000 1.400000 0.945577
-17.000000 160.000000 1.400000 0.966048
-17.000000 165.000000 1.400000 0.989446
-17.000000 170.000000 1.400000 1.015770
-17.000000 175.000000 1.400000 1.045021
-16.000000 10.000000 1.400000 1.760260
-16.000000 15.000000 1.400000 1.695864
-16.000000 20.000000 1.400000 1.634395
-16.000000 25.000000 1.400000 1.575852
-16.000000 30.000000 1.400000 1.520235
-16.000000 35.000000 1.400000 1.467545
-16.000000 40.000000 1.400000 1.417782
-16.000000 45.000000 1.400000 1.370945
-16.000000 50.000000 1.400000 1.327034
-16.000000 55.000000 1.400000 1.286050
-16.000000 60.000000 1.400000 1.247992
-16.000000 65.000000 1.400000 1.212861
-16.000000 70.000000 1.400000 1.180656
-16.000000 75.000000 1.400000 1.151377
-16.000000 80.000000 1.400000 1.125026
-16.000000 85.000000 1.400000 1.101600
-16.000000 90.000000 1.400000 1.081101
-16.000000 95.000000 1.400000 1.063529
-16.000000 100.000000 1.400000 1.048882
-16.000000 105.000000 1.400000 1.037163
-16.000000 110.000000 1.400000 1.028370
-16.000000 115.000000 1.400000 1.022503
-16.000000 120.000000 1.400000 1.019563
-16.000000 125.000000 1.400000 1.019549
-16.000000 130.000000 1.400000 1.022461
-16.000000 135.000000 1.400000 1.028301
-16.000000 140.000000 1.400000 1.037066
-16.000000 145.000000 1.400000 1.048758
-16.000000 150.000000 1.400000 1.063377
-16.000000 155.000000 1.400000 1.080922
-16.000000 160.000000 1.400000 1.101393
-16.000000 165.000000 1.400000 1.124791
-16.000000 170.000000 1.400000 1.151115
-16.000000 175.000000 1.400000 1.180366
-15.000000 10.000000 1.400000 1.969537
-15.000000 15.000000 1.400000 1.905141
-15.000000 20.000000 1.400000 1.843672
-15.000000 25.000000 1.400000 1.785129
-15.000000 30.000000 1.400000 1.729512
-15.000000 35.000000 1.400000 1.676822
-15.000000 40.000000 1.400000 1.627059
-15.000000 45.000000 1.400000 1.580221
-15.000000 50.000000 1.400000 1.536311
-15.000000 55.000000 1.400000 1.495327
-15.000000 60.000000 1.400000 1.457269
-15.000000 65.000000 1.400000 1.422138
-15.000000 70.000000 1.400000 1.389933
-15.000000 75.000000 1.400000 1.360654
-15.000000 80.000000 1.400000 1.334302
-15.000000 85.000000 1.400000 1.310877
-15.000000 90.000000 1.400000 1.290378
-15.000000 95.000000 1.400000 1.272805
-15.000000 100.000000 1.400000 1.258159
-15.000000 105.000000 1.400000 1.246440
-15.000000 110.000000 1.400000 1.237646
-15.000000 115.000000 1.400000 1.231780
-15.000000 120.000000 1.400000 1.228839
-15.000000 125.000000 1.400000 1.228826
-15.000000 130.000000 1.400000 1.231738
-15.000000 135.000000 1.400000 1.237577
-15.000000 140.000000 1.400000 1.246343
-15.000000 145.000000 1.400000 1.258035
-15.000000 150.000000 1.400000 1.272653
-15.000000 155.000000 1.400000 1.290198
-15.000000 160.000000 1.400000 1.310670
-15.000000 165.000000 1.400000 1.334068
-15.000000 170.000000 1.400000 1.360392
-15.000000 175.000000 1.400000 1.389643
-14.000000 10.000000 1.400000 2.252745
-14.000000 15.000000 1.400000 2.188350
-14.000000 20.000000 1.400000 2.126880
-14.000000 25.000000 1.400000 2.068337
-14.000000 30.000000 1.400000 2.012721
-14.000000 35.000000 1.400000 1.960031
-14.000000 40.000000 1.400000 1.910267
-14.000000 45.000000 1.400000 1.863430
-14.000000 50.000000 1.400000 1.819519
-14.000000 55.000000 1.400000 1.778535
-14.000000 60.000000 1.400000 1.740477
-14.000000 65.000000 1.400000 1.705346
-14.000000 70.000000 1.400000 1.673141
-14.000000 75.000000 1.400000 1.643863
-14.000000 80.000000 1.400000 1.617511
-14.000000 85.000000 1.400000 1.594086
-14.000000 90.000000 1.400000 1.573587
-14.000000 95.000000 1.400000 1.556014
-14.000000 100.000000 1.400000 1.541368
-14.000000 105.000000 1.400000 1.529648
-14.000000 110.000000 1.400000 1.520855
-14.000000 115.000000 1.400000 1.514988
-14.000000 120.000000 1.400000 1.512048
-14.000000 125.000000 1.400000 1.512034
-14.000000 130.000000 1.400000 1.514947
-14.000000 135.000000 1.400000 1.520786
-14.000000 140.000000 1.400000 1.529552
-14.000000 145.000000 1.400000 1.541244
-14.000000 150.000000 1.400000 1.555862
-14.000000 155.000000 1.400000 1.573407
-14.000000 160.000000 1.400000 1.593878
-14.000000 165.000000 1.400000 1.617276
-14.000000 170.000000 1.400000 1.643601
-14.000000 175.000000 1.400000 1.672851
-13.000000 10.000000 1.400000 2.609886
-13.000000 15.000000 1.400000 2.545490
-13.000000 20.000000 1.400000 2.484021
-13.000000 25.000000 1.400000 2.425478
-13.000000 30.000000 1.400000 2.369861
-13.000000 35.000000 1.400000 2.317171
-13.000000 40.000000 1.400000 2.267408
-13.000000 45.000000 1.400000 2.220570
-13.000000 50.000000 1.400000 2.176660
-13.000000 55.000000 1.400000 2.135676
-13.000000 60.000000 1.400000 2.097618
-13.000000 65.000000 1.400000 2.062487
-13.000000 70.000000 1.400000 2.030282
-13.000000 75.000000 1.400000 2.001003
-13.000000 80.000000 1.400000 1.974651
-13.000000 85.000000 1.400000 1.951226
-13.000000 90.000000 1.400000 1.930727
-13.000000 95.000000 1.400000 1.913154
-13.000000 100.000000 1.400000 1.898508
-13.000000 105.000000 1.400000 1.886789
-13.000000 110.000000 1.400000 1.877996
-13.000000 115.000000 1.400000 1.872129
-13.000000 120.000000 1.400000 1.869189
-13.000000 125.000000 1.400000 1.869175
-13.000000 130.000000 1.400000 1.872087
-13.000000 135.000000 1.400000 1.877927
-13.000000 140.000000 1.400000 1.886692
-13.000000 145.000000 1.400000 1.898384
-13.000000 150.000000 1.400000 1.913003
-13.000000 155.000000 1.400000 1.930547
-13.000000 160.000000 1.400000 1.951019
-13.000000 165.000000 1.400000 1.974417
-13.000000 170.000000 1.400000 2.000741
-13.000000 175.000000 1.400000 2.029992
-12.000000 10.000000 1.400000 3.040958
-12.000000 15.000000 1.400000 2.976562
-12.000000 20.000000 1.400000 2.915093
-12.000000 25.000000 1.400000 2.856550
-12.000000 30.000000 1.400000 2.800933
-12.000000 35.000000 1.400000 2.748243
-12.000000 40.000000 1.400000 2.698480
-12.000000 45.000000 1.400000 2.651643
-12.000000 50.000000 1.400000 2.607732
-12.000000 55.000000 1.400000 2.566748
-12.000000 60.000000 1.400000 2.528690
-12.000000 65.000000 1.400000 2.493559
-12.000000 70.000000 1.400000 2.461354
-12.000000 75.000000 1.400000 2.432076
-12.000000 80.000000 1.400000 2.405724
-12.000000 85.000000 1.400000 2.382298
-12.000000 90.000000 1.400000 2.361799
-12.000000 95.000000 1.400000 2.344227
-12.000000 100.000000 1.400000 2.329581
-12.000000 105.000000 1.400000 2.317861
-12.000000 110.000000 1.400000 2.309068
-12.000000 115.000000 1.400000 2.303201
-12.000000 120.000000 1.400000 2.300261
-12.000000 125.000000 1.400000 2.300247
-12.000000 130.000000 1.400000 2.303160
-12.000000 135.000000 1.400000 2.308999
-12.000000 140.000000 1.400000 2.317764
-12.000000 145.000000 1.400000 2.329456
-12.000000 150.000000 1.400000 2.344075
-12.000000 155.000000 1.400000 2.361620
-12.000000 160.000000 1.400000 2.382091
-12.000000 165.000000 1.400000 2.405489
-12.000000 170.000000 1.400000 2.431813
-12.000000 175.000000 1.400000 2.461064
