-18.000000 10.000000 1.000000 1.871818
-18.000000 15.000000 1.000000 1.661052
-18.000000 20.000000 1.000000 1.459864
-18.000000 25.000000 1.000000 1.268255
-18.000000 30.000000 1.000000 1.086225
-18.000000 35.000000 1.000000 0.913775
-18.000000 40.000000 1.000000 0.750903
-18.000000 45.000000 1.000000 0.597610
-18.000000 50.000000 1.000000 0.453896
-18.000000 55.000000 1.000000 0.319762
-17.000000 10.000000 1.000000 2.073458
-17.000000 15.000000 1.000000 1.862691
-17.000000 20.000000 1.000000 1.661503
-17.000000 25.000000 1.000000 1.469895
-17.000000 30.000000 1.000000 1.287865
-17.000000 35.000000 1.000000 1.115414
-17.000000 40.000000 1.000000 0.952543
-17.000000 45.000000 1.000000 0.799250
-17.000000 50.000000 1.000000 0.655536
-17.000000 55.000000 1.000000 0.521401
-17.000000 60.000000 1.000000 0.396846
-17.000000 65.000000 1.000000 0.281869
-16.000000 10.000000 1.000000 2.517758
-16.000000 15.000000 1.000000 2.306991
-16.000000 20.000000 1.000000 2.105803
-16.000000 25.000000 1.000000 1.914195
-16.000000 30.000000 1.000000 1.732165
-16.000000 35.000000 1.000000 1.559714
-16.000000 40.000000 1.000000 1.396842
-16.000000 45.000000 1.000000 1.243550
-16.000000 50.000000 1.000000 1.099836
-16.000000 55.000000 1.000000 0.965701
-16.000000 60.000000 1.000000 0.841145
-16.000000 65.000000 1.000000 0.726169
-16.000000 70.000000 1.000000 0.620771
-15.000000 10.000000 1.000000 3.204718
-15.000000 15.000000 1.000000 2.993951
-15.000000 20.000000 1.000000 2.792763
-15.000000 25.000000 1.000000 2.601155
-15.000000 30.000000 1.000000 2.419125
-15.000000 35.000000 1.000000 2.246674
-15.000000 40.000000 1.000000 2.083802
-15.000000 45.000000 1.000000 1.930510
-15.000000 50.000000 1.000000 1.786796
-15.000000 55.000000 1.000000 1.652661
-15.000000 60.000000 1.000000 1.528105
-15.000000 65.000000 1.000000 1.413129
-15.000000 70.000000 1.000000 1.307731
-15.000000 75.000000 1.000000 1.211912
-15.000000 80.000000 1.000000 1.125672
-15.000000 175.000000 1.000000 1.307126
-14.000000 10.000000 1.000000 4.134338
-14.000000 15.000000 1.000000 3.923571
-14.000000 20.000000 1.000000 3.722384
-14.000000 25.000000 1.000000 3.530775
-14.000000 30.000000 1.000000 3.348745
-14.000000 35.000000 1.000000 3.176294
-14.000000 40.000000 1.000000 3.013423
-14.000000 45.000000 1.000000 2.860130
-14.000000 50.000000 1.000000 2.716416
-14.000000 55.000000 1.000000 2.582281
-14.000000 60.000000 1.000000 2.457726
-14.000000 65.000000 1.000000 2.342749
-14.000000 70.000000 1.000000 2.237351
-14.000000 75.000000 1.000000 2.141532
-14.000000 80.000000 1.000000 2.055293
-14.000000 85.000000 1.000000 1.978632
-14.000000 90.000000 1.000000 1.911550
-14.000000 95.000000 1.000000 1.854047
-14.000000 100.000000 1.000000 1.806124
-14.000000 105.000000 1.000000 1.767779
-14.000000 110.000000 1.000000 1.739013
-14.000000 115.000000 1.000000 1.719826
-14.000000 140.000000 1.000000 1.767577
-14.000000 145.000000 1.000000 1.805865
-14.000000 150.000000 1.000000 1.853731
-14.000000 155.000000 1.000000 1.911176
-14.000000 160.000000 1.000000 1.978200
-14.000000 165.000000 1.000000 2.054803
-14.000000 170.000000 1.000000 2.140985
-14.000000 175.000000 1.000000 2.236747
-13.000000 10.000000 1.000000 5.306618
-13.000000 15.000000 1.000000 5.095852
-13.000000 20.000000 1.000000 4.894664
-13.000000 25.000000 1.000000 4.703055
-13.000000 30.000000 1.000000 4.521026
-13.000000 35.000000 1.000000 4.348575
-13.000000 40.000000 1.000000 4.185703
-13.000000 45.000000 1.000000 4.032410
-13.000000 50.000000 1.000000 3.888697
-13.000000 55.000000 1.000000 3.754562
-13.000000 60.000000 1.000000 3.630006
-13.000000 65.000000 1.000000 3.515029
-13.000000 70.000000 1.000000 3.409632
-13.000000 75.000000 1.000000 3.313813
-13.000000 80.000000 1.000000 3.227573
-13.000000 85.000000 1.000000 3.150912
-13.000000 90.000000 1.000000 3.083831
-13.000000 95.000000 1.000000 3.026328
-13.000000 100.000000 1.000000 2.978404
-13.000000 105.000000 1.000000 2.940059
-13.000000 110.000000 1.000000 2.911293
-13.000000 115.000000 1.000000 2.892107
-13.000000 120.000000 1.000000 2.882499
-13.000000 125.000000 1.000000 2.882470
-13.000000 130.000000 1.000000 2.892020
-13.000000 135.000000 1.000000 2.911150
-13.000000 140.000000 1.000000 2.939858
-13.000000 145.000000 1.000000 2.978145
-13.000000 150.000000 1.000000 3.026011
-13.000000 155.000000 1.000000 3.083456
-13.000000 160.000000 1.000000 3.150481
-13.000000 165.000000 1.000000 3.227084
-13.000000 170.000000 1.000000 3.313266
-13.000000 175.000000 1.000000 3.409027
-12.000000 10.000000 1.000000 6.721559
-12.000000 15.000000 1.000000 6.510792
-12.000000 20.000000 1.000000 6.309605
-12.000000 25.000000 1.000000 6.117996
-12.000000 30.000000 1.000000 5.935966
-12.000000 35.000000 1.000000 5.763515
-12.000000 40.000000 1.000000 5.600644
-12.000000 45.000000 1.000000 5.447351
-12.000000 50.000000 1.000000 5.303637
-12.000000 55.000000 1.000000 5.169502
-12.000000 60.000000 1.000000 5.044947
-12.000000 65.000000 1.000000 4.929970
-12.000000 70.000000 1.000000 4.824572
-12.000000 75.000000 1.000000 4.728753
-12.000000 80.000000 1.000000 4.642514
-12.000000 85.000000 1.000000 4.565853
-12.000000 90.000000 1.000000 4.498771
-12.000000 95.000000 1.000000 4.441268
-12.000000 100.000000 1.000000 4.393345
-12.000000 105.000000 1.000000 4.355000
-12.000000 110.000000 1.000000 4.326234
-12.000000 115.000000 1.000000 4.307047
-12.000000 120.000000 1.000000 4.297440
-12.000000 125.000000 1.000000 4.297411
-12.000000 130.000000 1.000000 4.306961
-12.000000 135.000000 1.000000 4.326090
-12.000000 140.000000 1.000000 4.354798
-12.000000 145.000000 1.000000 4.393086
-12.000000 150.000000 1.000000 4.440952
-12.000000 155.000000 1.000000 4.498397
-12.000000 160.000000 1.000000 4.565421
-12.000000 165.000000 1.000000 4.642024
-12.000000 170.000000 1.000000 4.728207
-12.000000 175.000000 1.000000 4.823968
