-18.000000 10.000000 2.200000 1.203918
-18.000000 15.000000 2.200000 1.183254
-18.000000 20.000000 2.200000 1.163529
-18.000000 25.000000 2.200000 1.144743
-18.000000 30.000000 2.200000 1.126896
-18.000000 35.000000 2.200000 1.109988
-18.000000 40.000000 2.200000 1.094018
-18.000000 45.000000 2.200000 1.078988
-18.000000 50.000000 2.200000 1.064897
-18.000000 55.000000 2.200000 1.051744
-18.000000 60.000000 2.200000 1.039530
-18.000000 65.000000 2.200000 1.028256
-18.000000 70.000000 2.200000 1.017920
-18.000000 75.000000 2.200000 1.008523
-18.000000 80.000000 2.200000 1.000065
-18.000000 85.000000 2.200000 0.992546
-18.000000 90.000000 2.200000 0.985966
-18.000000 95.000000 2.200000 0.980325
-18.000000 100.000000 2.200000 0.975622
-18.000000 105.000000 2.200000 0.971859
-18.000000 110.000000 2.200000 0.969035
-18.000000 115.000000 2.200000 0.967149
-18.000000 120.000000 2.200000 0.966203
-18.000000 125.000000 2.200000 0.966195
-18.000000 130.000000 2.200000 0.967126
-18.000000 135.000000 2.200000 0.968996
-18.000000 140.000000 2.200000 0.971806
-18.000000 145.000000 2.200000 0.975554
-18.000000 150.000000 2.200000 0.980241
-18.000000 155.000000 2.200000 0.985866
-18.000000 160.000000 2.200000 0.992431
-18.000000 165.000000 2.200000 0.999935
-18.000000 170.000000 2.200000 1.008378
-18.000000 175.000000 2.200000 1.017759
-17.000000 10.000000 2.200000 1.223501
-17.000000 15.000000 2.200000 1.202837
-17.000000 20.000000 2.200000 1.183112
-17.000000 25.000000 2.200000 1.164326
-17.000000 30.000000 2.200000 1.146479
-17.000000 35.000000 2.200000 1.129570
-17.000000 40.000000 2.200000 1.113601
-17.000000 45.000000 2.200000 1.098571
-17.000000 50.000000 2.200000 1.084479
-17.000000 55.000000 2.200000 1.071327
-17.000000 60.000000 2.200000 1.059113
-17.000000 65.000000 2.200000 1.047838
-17.000000 70.000000 2.200000 1.037502
-17.000000 75.000000 2.200000 1.028106
-17.000000 80.000000 2.200000 1.019648
-17.000000 85.000000 2.200000 1.012129
-17.000000 90.000000 2.200000 1.005548
-17.000000 95.000000 2.200000 0.999907
-17.000000 100.000000 2.200000 0.995205
-17.000000 105.000000 2.200000 0.991442
-17.000000 110.000000 2.200000 0.988617
-17.000000 115.000000 2.200000 0.986732
-17.000000 120.000000 2.200000 0.985785
-17.000000 125.000000 2.200000 0.985778
-17.000000 130.000000 2.200000 0.986709
-17.000000 135.000000 2.200000 0.988579
-17.000000 140.000000 2.200000 0.991388
-17.000000 145.000000 2.200000 0.995136
-17.000000 150.000000 2.200000 0.999823
-17.000000 155.000000 2.200000 1.005449
-17.000000 160.000000 2.200000 1.012014
-17.000000 165.000000 2.200000 1.019518
-17.000000 170.000000 2.200000 1.027960
-17.000000 175.000000 2.200000 1.037342
-16.000000 10.000000 2.200000 1.266674
-16.000000 15.000000 2.200000 1.246010
-16.000000 20.000000 2.200000 1.226285
-16.000000 25.000000 2.200000 1.207499
-16.000000 30.000000 2.200000 1.189651
-16.000000 35.000000 2.200000 1.172743
-16.000000 40.000000 2.200000 1.156774
-16.000000 45.000000 2.200000 1.141743
-16.000000 50.000000 2.200000 1.127652
-16.000000 55.000000 2.200000 1.114499
-16.000000 60.000000 2.200000 1.102286
-16.000000 65.000000 2.200000 1.091011
-16.000000 70.000000 2.200000 1.080675
-16.000000 75.000000 2.200000 1.071278
-16.000000 80.000000 2.200000 1.062820
-16.000000 85.000000 2.200000 1.055301
-16.000000 90.000000 2.200000 1.048721
-16.000000 95.000000 2.200000 1.043080
-16.000000 100.000000 2.200000 1.038378
-16.000000 105.000000 2.200000 1.034615
-16.000000 110.000000 2.200000 1.031790
-16.000000 115.000000 2.200000 1.029905
-16.000000 120.000000 2.200000 1.028958
-16.000000 125.000000 2.200000 1.028950
-16.000000 130.000000 2.200000 1.029882
-16.000000 135.000000 2.200000 1.031752
-16.000000 140.000000 2.200000 1.034561
-16.000000 145.000000 2.200000 1.038309
-16.000000 150.000000 2.200000 1.042996
-16.000000 155.000000 2.200000 1.048622
-16.000000 160.000000 2.200000 1.055187
-16.000000 165.000000 2.200000 1.062690
-16.000000 170.000000 2.200000 1.071133
-16.000000 175.000000 2.200000 1.080515
-15.000000 10.000000 2.200000 1.333437
-15.000000 15.000000 2.200000 1.312773
-15.000000 20.000000 2.200000 1.293048
-15.000000 25.000000 2.200000 1.274262
-15.000000 30.000000 2.200000 1.256415
-15.000000 35.000000 2.200000 1.239506
-15.000000 40.000000 2.200000 1.223537
-15.000000 45.000000 2.200000 1.208507
-15.000000 50.000000 2.200000 1.194415
-15.000000 55.000000 2.200000 1.181263
-15.000000 60.000000 2.200000 1.169049
-15.000000 65.000000 2.200000 1.157774
-15.000000 70.000000 2.200000 1.147439
-15.000000 75.000000 2.200000 1.138042
-15.000000 80.000000 2.200000 1.129584
-15.000000 85.000000 2.200000 1.122065
-15.000000 90.000000 2.200000 1.115485
-15.000000 95.000000 2.200000 1.109843
-15.000000 100.000000 2.200000 1.105141
-15.000000 105.000000 2.200000 1.101378
-15.000000 110.000000 2.200000 1.098553
-15.000000 115.000000 2.200000 1.096668
-15.000000 120.000000 2.200000 1.095721
-15.000000 125.000000 2.200000 1.095714
-15.000000 130.000000 2.200000 1.096645
-15.000000 135.000000 2.200000 1.098515
-15.000000 140.000000 2.200000 1.101324
-15.000000 145.000000 2.200000 1.105072
-15.000000 150.000000 2.200000 1.109759
-15.000000 155.000000 2.200000 1.115385
-15.000000 160.000000 2.200000 1.121950
-15.000000 165.000000 2.200000 1.129454
-15.000000 170.000000 2.200000 1.137896
-15.000000 175.000000 2.200000 1.147278
-14.000000 10.000000 2.200000 1.423791
-14.000000 15.000000 2.200000 1.403127
-14.000000 20.000000 2.200000 1.383402
-14.000000 25.000000 2.200000 1.364615
-14.000000 30.000000 2.200000 1.346768
-14.000000 35.000000 2.200000 1.329860
-14.000000 40.000000 2.200000 1.313891
-14.000000 45.000000 2.200000 1.298860
-14.000000 50.000000 2.200000 1.284769
-14.000000 55.000000 2.200000 1.271616
-14.000000 60.000000 2.200000 1.259403
-14.000000 65.000000 2.200000 1.248128
-14.000000 70.000000 2.200000 1.237792
-14.000000 75.000000 2.200000 1.228395
-14.000000 80.000000 2.200000 1.219937
-14.000000 85.000000 2.200000 1.212418
-14.000000 90.000000 2.200000 1.205838
-14.000000 95.000000 2.200000 1.200197
-14.000000 100.000000 2.200000 1.195495
-14.000000 105.000000 2.200000 1.191731
-14.000000 110.000000 2.200000 1.188907
-14.000000 115.000000 2.200000 1.187021
-14.000000 120.000000 2.200000 1.186075
-14.000000 125.000000 2.200000 1.186067
-14.000000 130.000000 2.200000 1.186999
-14.000000 135.000000 2.200000 1.188869
-14.000000 140.000000 2.200000 1.191678
-14.000000 145.000000 2.200000 1.195426
-14.000000 150.000000 2.200000 1.200113
-14.000000 155.000000 2.200000 1.205739
-14.000000 160.000000 2.200000 1.212304
-14.000000 165.000000 2.200000 1.219807
-14.000000 170.000000 2.200000 1.228250
-14.000000 175.000000 2.200000 1.237631
-13.000000 10.000000 2.200000 1.537734
-13.000000 15.000000 2.200000 1.517071
-13.000000 20.000000 2.200000 1.497346
-13.000000 25.000000 2.200000 1.478559
-13.000000 30.000000 2.200000 1.460712
-13.000000 35.000000 2.200000 1.443804
-13.000000 40.000000 2.200000 1.427835
-13.000000 45.000000 2.200000 1.412804
-13.000000 50.000000 2.200000 1.398713
-13.000000 55.000000 2.200000 1.385560
-13.000000 60.000000 2.200000 1.373347
-13.000000 65.000000 2.200000 1.362072
-13.000000 70.000000 2.200000 1.351736
-13.000000 75.000000 2.200000 1.342339
-13.000000 80.000000 2.200000 1.333881
-13.000000 85.000000 2.200000 1.326362
-13.000000 90.000000 2.200000 1.319782
-13.000000 95.000000 2.200000 1.314141
-13.000000 100.000000 2.200000 1.309439
-13.000000 105.000000 2.200000 1.305675
-13.000000 110.000000 2.200000 1.302851
-13.000000 115.000000 2.200000 1.300965
-13.000000 120.000000 2.200000 1.300019
-13.000000 125.000000 2.200000 1.300011
-13.000000 130.000000 2.200000 1.300942
-13.000000 135.000000 2.200000 1.302813
-13.000000 140.000000 2.200000 1.305622
-13.000000 145.000000 2.200000 1.309370
-13.000000 150.000000 2.200000 1.314057
-13.000000 155.000000 2.200000 1.319683
-13.000000 160.000000 2.200000 1.326247
-13.000000 165.000000 2.200000 1.333751
-13.000000 170.000000 2.200000 1.342194
-13.000000 175.000000 2.200000 1.351575
-12.000000 10.000000 2.200000 1.675269
-12.000000 15.000000 2.200000 1.654605
-12.000000 20.000000 2.200000 1.634880
-12.000000 25.000000 2.200000 1.616094
-12.000000 30.000000 2.200000 1.598247
-12.000000 35.000000 2.200000 1.581338
-12.000000 40.000000 2.200000 1.565369
-12.000000 45.000000 2.200000 1.550339
-12.000000 50.000000 2.200000 1.536247
-12.000000 55.000000 2.200000 1.523095
-12.000000 60.000000 2.200000 1.510881
-12.000000 65.000000 2.200000 1.499606
-12.000000 70.000000 2.200000 1.489270
-12.000000 75.000000 2.200000 1.479874
-12.000000 80.000000 2.200000 1.471416
-12.000000 85.000000 2.200000 1.463897
-12.000000 90.000000 2.200000 1.457316
-12.000000 95.000000 2.200000 1.451675
-12.000000 100.000000 2.200000 1.446973
-12.000000 105.000000 2.200000 1.443210
-12.000000 110.000000 2.200000 1.440385
-12.000000 115.000000 2.200000 1.438500
-12.000000 120.000000 2.200000 1.437553
-12.000000 125.000000 2.200000 1.437545
-12.000000 130.000000 2.200000 1.438477
-12.000000 135.000000 2.200000 1.440347
-12.000000 140.000000 2.200000 1.443156
-12.000000 145.000000 2.200000 1.446904
-12.000000 150.000000 2.200000 1.451591
-12.000000 155.000000 2.200000 1.457217
-12.000000 160.000000 2.200000 1.463782
-12.000000 165.000000 2.200000 1.471285
-12.000000 170.000000 2.200000 1.479728
-12.000000 175.000000 2.200000 1.489110
