-18.000000 10.000000 2.800000 1.128259
-18.000000 15.000000 2.800000 1.115264
-18.000000 20.000000 2.800000 1.102859
-18.000000 25.000000 2.800000 1.091045
-18.000000 30.000000 2.800000 1.079821
-18.000000 35.000000 2.800000 1.069187
-18.000000 40.000000 2.800000 1.059144
-18.000000 45.000000 2.800000 1.049692
-18.000000 50.000000 2.800000 1.040829
-18.000000 55.000000 2.800000 1.032557
-18.000000 60.000000 2.800000 1.024876
-18.000000 65.000000 2.800000 1.017785
-18.000000 70.000000 2.800000 1.011284
-18.000000 75.000000 2.800000 1.005374
-18.000000 80.000000 2.800000 1.000054
-18.000000 85.000000 2.800000 0.995324
-18.000000 90.000000 2.800000 0.991185
-18.000000 95.000000 2.800000 0.987636
-18.000000 100.000000 2.800000 0.984678
-18.000000 105.000000 2.800000 0.982310
-18.000000 110.000000 2.800000 0.980533
-18.000000 115.000000 2.800000 0.979346
-18.000000 120.000000 2.800000 0.978749
-18.000000 125.000000 2.800000 0.978743
-18.000000 130.000000 2.800000 0.979327
-18.000000 135.000000 2.800000 0.980501
-18.000000 140.000000 2.800000 0.982266
-18.000000 145.000000 2.800000 0.984621
-18.000000 150.000000 2.800000 0.987567
-18.000000 155.000000 2.800000 0.991103
-18.000000 160.000000 2.800000 0.995229
-18.000000 165.000000 2.800000 0.999946
-18.000000 170.000000 2.800000 1.005253
-18.000000 175.000000 2.800000 1.011151
-17.000000 10.000000 2.800000 1.140515
-17.000000 15.000000 2.800000 1.127520
-17.000000 20.000000 2.800000 1.115116
-17.000000 25.000000 2.800000 1.103301
-17.000000 30.000000 2.800000 1.092077
-17.000000 35.000000 2.800000 1.081444
-17.000000 40.000000 2.800000 1.071401
-17.000000 45.000000 2.800000 1.061948
-17.000000 50.000000 2.800000 1.053086
-17.000000 55.000000 2.800000 1.044814
-17.000000 60.000000 2.800000 1.037132
-17.000000 65.000000 2.800000 1.030041
-17.000000 70.000000 2.800000 1.023541
-17.000000 75.000000 2.800000 1.017630
-17.000000 80.000000 2.800000 1.012310
-17.000000 85.000000 2.800000 1.007581
-17.000000 90.000000 2.800000 1.003442
-17.000000 95.000000 2.800000 0.999893
-17.000000 100.000000 2.800000 0.996935
-17.000000 105.000000 2.800000 0.994567
-17.000000 110.000000 2.800000 0.992789
-17.000000 115.000000 2.800000 0.991602
-17.000000 120.000000 2.800000 0.991005
-17.000000 125.000000 2.800000 0.990999
-17.000000 130.000000 2.800000 0.991583
-17.000000 135.000000 2.800000 0.992758
-17.000000 140.000000 2.800000 0.994522
-17.000000 145.000000 2.800000 0.996878
-17.000000 150.000000 2.800000 0.999823
-17.000000 155.000000 2.800000 1.003359
-17.000000 160.000000 2.800000 1.007486
-17.000000 165.000000 2.800000 1.012203
-17.000000 170.000000 2.800000 1.017510
-17.000000 175.000000 2.800000 1.023408
-16.000000 10.000000 2.800000 1.167545
-16.000000 15.000000 2.800000 1.154549
-16.000000 20.000000 2.800000 1.142145
-16.000000 25.000000 2.800000 1.130330
-16.000000 30.000000 2.800000 1.119107
-16.000000 35.000000 2.800000 1.108473
-16.000000 40.000000 2.800000 1.098430
-16.000000 45.000000 2.800000 1.088977
-16.000000 50.000000 2.800000 1.080115
-16.000000 55.000000 2.800000 1.071843
-16.000000 60.000000 2.800000 1.064162
-16.000000 65.000000 2.800000 1.057070
-16.000000 70.000000 2.800000 1.050570
-16.000000 75.000000 2.800000 1.044659
-16.000000 80.000000 2.800000 1.039340
-16.000000 85.000000 2.800000 1.034610
-16.000000 90.000000 2.800000 1.030471
-16.000000 95.000000 2.800000 1.026922
-16.000000 100.000000 2.800000 1.023964
-16.000000 105.000000 2.800000 1.021596
-16.000000 110.000000 2.800000 1.019818
-16.000000 115.000000 2.800000 1.018631
-16.000000 120.000000 2.800000 1.018035
-16.000000 125.000000 2.800000 1.018028
-16.000000 130.000000 2.800000 1.018612
-16.000000 135.000000 2.800000 1.019787
-16.000000 140.000000 2.800000 1.021552
-16.000000 145.000000 2.800000 1.023907
-16.000000 150.000000 2.800000 1.026853
-16.000000 155.000000 2.800000 1.030389
-16.000000 160.000000 2.800000 1.034515
-16.000000 165.000000 2.800000 1.039232
-16.000000 170.000000 2.800000 1.044539
-16.000000 175.000000 2.800000 1.050437
-15.000000 10.000000 2.800000 1.209346
-15.000000 15.000000 2.800000 1.196351
-15.000000 20.000000 2.800000 1.183947
-15.000000 25.000000 2.800000 1.172132
-15.000000 30.000000 2.800000 1.160908
-15.000000 35.000000 2.800000 1.150275
-15.000000 40.000000 2.800000 1.140232
-15.000000 45.000000 2.800000 1.130779
-15.000000 50.000000 2.800000 1.121917
-15.000000 55.000000 2.800000 1.113645
-15.000000 60.000000 2.800000 1.105963
-15.000000 65.000000 2.800000 1.098872
-15.000000 70.000000 2.800000 1.092372
-15.000000 75.000000 2.800000 1.086461
-15.000000 80.000000 2.800000 1.081141
-15.000000 85.000000 2.800000 1.076412
-15.000000 90.000000 2.800000 1.072273
-15.000000 95.000000 2.800000 1.068724
-15.000000 100.000000 2.800000 1.065766
-15.000000 105.000000 2.800000 1.063398
-15.000000 110.000000 2.800000 1.061620
-15.000000 115.000000 2.800000 1.060433
-15.000000 120.000000 2.800000 1.059836
-15.000000 125.000000 2.800000 1.059830
-15.000000 130.000000 2.800000 1.060414
-15.000000 135.000000 2.800000 1.061589
-15.000000 140.000000 2.800000 1.063353
-15.000000 145.000000 2.800000 1.065709
-15.000000 150.000000 2.800000 1.068654
-15.000000 155.000000 2.800000 1.072190
-15.000000 160.000000 2.800000 1.076317
-15.000000 165.000000 2.800000 1.081034
-15.000000 170.000000 2.800000 1.086341
-15.000000 175.000000 2.800000 1.092239
-14.000000 10.000000 2.800000 1.265921
-14.000000 15.000000 2.800000 1.252926
-14.000000 20.000000 2.800000 1.240521
-14.000000 25.000000 2.800000 1.228707
-14.000000 30.000000 2.800000 1.217483
-14.000000 35.000000 2.800000 1.206849
-14.000000 40.000000 2.800000 1.196806
-14.000000 45.000000 2.800000 1.187353
-14.000000 50.000000 2.800000 1.178491
-14.000000 55.000000 2.800000 1.170219
-14.000000 60.000000 2.800000 1.162538
-14.000000 65.000000 2.800000 1.155447
-14.000000 70.000000 2.800000 1.148946
-14.000000 75.000000 2.800000 1.143036
-14.000000 80.000000 2.800000 1.137716
-14.000000 85.000000 2.800000 1.132986
-14.000000 90.000000 2.800000 1.128847
-14.000000 95.000000 2.800000 1.125298
-14.000000 100.000000 2.800000 1.122340
-14.000000 105.000000 2.800000 1.119972
-14.000000 110.000000 2.800000 1.118195
-14.000000 115.000000 2.800000 1.117007
-14.000000 120.000000 2.800000 1.116411
-14.000000 125.000000 2.800000 1.116404
-14.000000 130.000000 2.800000 1.116988
-14.000000 135.000000 2.800000 1.118163
-14.000000 140.000000 2.800000 1.119928
-14.000000 145.000000 2.800000 1.122283
-14.000000 150.000000 2.800000 1.125229
-14.000000 155.000000 2.800000 1.128765
-14.000000 160.000000 2.800000 1.132891
-14.000000 165.000000 2.800000 1.137608
-14.000000 170.000000 2.800000 1.142915
-14.000000 175.000000 2.800000 1.148813
-13.000000 10.000000 2.800000 1.337268
-13.000000 15.000000 2.800000 1.324273
-13.000000 20.000000 2.800000 1.311868
-13.000000 25.000000 2.800000 1.300054
-13.000000 30.000000 2.800000 1.288830
-13.000000 35.000000 2.800000 1.278196
-13.000000 40.000000 2.800000 1.268153
-13.000000 45.000000 2.800000 1.258700
-13.000000 50.000000 2.800000 1.249838
-13.000000 55.000000 2.800000 1.241566
-13.000000 60.000000 2.800000 1.233885
-13.000000 65.000000 2.800000 1.226794
-13.000000 70.000000 2.800000 1.220293
-13.000000 75.000000 2.800000 1.214383
-13.000000 80.000000 2.800000 1.209063
-13.000000 85.000000 2.800000 1.204333
-13.000000 90.000000 2.800000 1.200194
-13.000000 95.000000 2.800000 1.196645
-13.000000 100.000000 2.800000 1.193687
-13.000000 105.000000 2.800000 1.191319
-13.000000 110.000000 2.800000 1.189542
-13.000000 115.000000 2.800000 1.188354
-13.000000 120.000000 2.800000 1.187758
-13.000000 125.000000 2.800000 1.187751
-13.000000 130.000000 2.800000 1.188335
-13.000000 135.000000 2.800000 1.189510
-13.000000 140.000000 2.800000 1.191275
-13.000000 145.000000 2.800000 1.193630
-13.000000 150.000000 2.800000 1.196576
-13.000000 155.000000 2.800000 1.200112
-13.000000 160.000000 2.800000 1.204238
-13.000000 165.000000 2.800000 1.208955
-13.000000 170.000000 2.800000 1.214262
-13.000000 175.000000 2.800000 1.220160
-12.000000 10.000000 2.800000 1.423387
-12.000000 15.000000 2.800000 1.410392
-12.000000 20.000000 2.800000 1.397988
-12.000000 25.000000 2.800000 1.386173
-12.000000 30.000000 2.800000 1.374949
-12.000000 35.000000 2.800000 1.364316
-12.000000 40.000000 2.800000 1.354273
-12.000000 45.000000 2.800000 1.344820
-12.000000 50.000000 2.800000 1.335958
-12.000000 55.000000 2.800000 1.327686
-12.000000 60.000000 2.800000 1.320004
-12.000000 65.000000 2.800000 1.312913
-12.000000 70.000000 2.800000 1.306413
-12.000000 75.000000 2.800000 1.300502
-12.000000 80.000000 2.800000 1.295182
-12.000000 85.000000 2.800000 1.290453
-12.000000 90.000000 2.800000 1.286314
-12.000000 95.000000 2.800000 1.282765
-12.000000 100.000000 2.800000 1.279807
-12.000000 105.000000 2.800000 1.277439
-12.000000 110.000000 2.800000 1.275661
-12.000000 115.000000 2.800000 1.274474
-12.000000 120.000000 2.800000 1.273877
-12.000000 125.000000 2.800000 1.273871
-12.000000 130.000000 2.800000 1.274455
-12.000000 135.000000 2.800000 1.275630
-12.000000 140.000000 2.800000 1.277394
-12.000000 145.000000 2.800000 1.279750
-12.000000 150.000000 2.800000 1.282695
-12.000000 155.000000 2.800000 1.286231
-12.000000 160.000000 2.800000 1.290358
-12.000000 165.000000 2.800000 1.295075
-12.000000 170.000000 2.800000 1.300382
-12.000000 175.000000 2.800000 1.306280
