-18.000000 10.000000 2.400000 15004.459587 428.643124 218.853345 512.424335 433.769821
-18.000000 15.000000 2.400000 14792.399016 411.592963 210.206184 491.802312 412.384202
-18.000000 20.000000 2.400000 14589.986046 395.305953 201.948347 472.098015 391.950530
-18.000000 25.000000 2.400000 14397.220677 379.782094 194.079834 453.311444 372.468803
-18.000000 30.000000 2.400000 14214.102909 365.021385 186.600647 435.442599 353.939023
-18.000000 35.000000 2.400000 14040.632743 351.023827 179.510783 418.491481 336.361188
-18.000000 40.000000 2.400000 13876.810177 337.789419 172.810245 402.458088 319.735299
-18.000000 45.000000 2.400000 13722.635213 325.318162 166.499031 387.342422 304.061356
-18.000000 50.000000 2.400000 13578.107850 313.610056 160.577141 373.144481 289.339359
-18.000000 55.000000 2.400000 13443.228088 302.665101 155.044576 359.864267 275.569308
-18.000000 60.000000 2.400000 13317.995928 292.483296 149.901336 347.501779 262.751203
-18.000000 65.000000 2.400000 13202.411368 283.064641 145.147420 336.057017 250.885044
-18.000000 70.000000 2.400000 13096.474410 274.409138 140.782829 325.529981 239.970831
-18.000000 75.000000 2.400000 13000.185053 266.516785 136.807562 315.920671 230.008563
-18.000000 80.000000 2.400000 12913.543297 259.387582 133.221620 307.229087 220.998242
-18.000000 85.000000 2.400000 12836.549142 253.021531 130.025003 299.455229 212.939867
-18.000000 90.000000 2.400000 12769.202588 247.418630 127.217710 292.599098 205.833437
-18.000000 95.000000 2.400000 12711.503636 242.578879 124.799741 286.660692 199.678954
-18.000000 100.000000 2.400000 12663.452284 238.502279 122.771098 281.640013 194.476416
-18.000000 105.000000 2.400000 12625.048534 235.188830 121.131778 277.537060 190.225824
-18.000000 110.000000 2.400000 12596.292385 232.638531 119.881784 274.351833 186.927178
-18.000000 115.000000 2.400000 12577.183837 230.851384 119.021114 272.084331 184.580478
-18.000000 120.000000 2.400000 12567.722891 229.827386 118.549768 270.734556 183.185724
-18.000000 125.000000 2.400000 12567.909545 229.566540 118.467747 270.302508 182.742916
-18.000000 130.000000 2.400000 12577.743801 230.068844 118.775051 270.788185 183.252054
-18.000000 135.000000 2.400000 12597.225658 231.334298 119.471679 272.191588 184.713138
-18.000000 140.000000 2.400000 12626.355116 233.362903 120.557632 274.512717 187.126168
-18.000000 145.000000 2.400000 12665.132175 236.154659 122.032909 277.751573 190.491144
-18.000000 150.000000 2.400000 12713.556835 239.709566 123.897511 281.908155 194.808065
-18.000000 155.000000 2.400000 12771.629097 244.027623 126.151438 286.982462 200.076933
-18.000000 160.000000 2.400000 12839.348960 249.108831 128.794689 292.974496 206.297746
-18.000000 165.000000 2.400000 12916.716424 254.953189 131.827265 299.884256 213.470506
-18.000000 170.000000 2.400000 13003.731489 261.560698 135.249165 307.711742 221.595211
-18.000000 175.000000 2.400000 13100.394155 268.931358 139.060390 316.456954 230.671862
-17.000000 10.000000 2.400000 15214.928063 437.491729 223.013100 520.146654 438.757086
-17.000000 15.000000 2.400000 15002.867491 420.441568 214.365939 499.524631 417.371467
-17.000000 20.000000 2.400000 14800.454521 404.154558 206.108102 479.820334 396.937795
-17.000000 25.000000 2.400000 14607.689152 388.630699 198.239589 461.033763 377.456068
-17.000000 30.000000 2.400000 14424.571385 373.869990 190.760402 443.164918 358.926287
-17.000000 35.000000 2.400000 14251.101218 359.872432 183.670538 426.213800 341.348453
-17.000000 40.000000 2.400000 14087.278653 346.638024 176.970000 410.180407 324.722564
-17.000000 45.000000 2.400000 13933.103688 334.166767 170.658786 395.064741 309.048621
-17.000000 50.000000 2.400000 13788.576325 322.458661 164.736896 380.866800 294.326624
-17.000000 55.000000 2.400000 13653.696563 311.513706 159.204331 367.586586 280.556573
-17.000000 60.000000 2.400000 13528.464403 301.331901 154.061091 355.224098 267.738468
-17.000000 65.000000 2.400000 13412.879843 291.913246 149.307175 343.779336 255.872309
-17.000000 70.000000 2.400000 13306.942885 283.257743 144.942584 333.252300 244.958096
-17.000000 75.000000 2.400000 13210.653528 275.365390 140.967317 323.642990 234.995828
-17.000000 80.000000 2.400000 13124.011772 268.236187 137.381375 314.951406 225.985507
-17.000000 85.000000 2.400000 13047.017617 261.870136 134.184758 307.177549 217.927131
-17.000000 90.000000 2.400000 12979.671063 256.267235 131.377465 300.321417 210.820702
-17.000000 95.000000 2.400000 12921.972111 251.427484 128.959496 294.383012 204.666218
-17.000000 100.000000 2.400000 12873.920759 247.350884 126.930853 289.362332 199.463681
-17.000000 105.000000 2.400000 12835.517009 244.037435 125.291533 285.259379 195.213089
-17.000000 110.000000 2.400000 12806.760860 241.487136 124.041539 282.074152 191.914443
-17.000000 115.000000 2.400000 12787.652312 239.699988 123.180869 279.806651 189.567743
-17.000000 120.000000 2.400000 12778.191366 238.675991 122.709523 278.456876 188.172989
-17.000000 125.000000 2.400000 12778.378020 238.415145 122.627502 278.024827 187.730181
-17.000000 130.000000 2.400000 12788.212276 238.917448 122.934806 278.510504 188.239319
-17.000000 135.000000 2.400000 12807.694133 240.182903 123.631434 279.913907 189.700403
-17.000000 140.000000 2.400000 12836.823591 242.211508 124.717387 282.235037 192.113433
-17.000000 145.000000 2.400000 12875.600650 245.003264 126.192664 285.473892 195.478408
-17.000000 150.000000 2.400000 12924.025311 248.558171 128.057266 289.630474 199.795330
-17.000000 155.000000 2.400000 12982.097572 252.876228 130.311193 294.704781 205.064198
-17.000000 160.000000 2.400000 13049.817435 257.957436 132.954444 300.696815 211.285011
-17.000000 165.000000 2.400000 13127.184899 263.801794 135.987020 307.606575 218.457770
-17.000000 170.000000 2.400000 13214.199964 270.409303 139.408920 315.434061 226.582476
-17.000000 175.000000 2.400000 13310.862630 277.779963 143.220145 324.179273 235.659127
-16.000000 10.000000 2.400000 15677.608614 458.819443 233.159668 539.803680 450.663065
-16.000000 15.000000 2.400000 15465.548043 441.769282 224.512506 519.181657 429.277447
-16.000000 20.000000 2.400000 15263.135073 425.482272 216.254669 499.477360 408.843774
-16.000000 25.000000 2.400000 15070.369704 409.958413 208.386157 480.690789 389.362048
-16.000000 30.000000 2.400000 14887.251936 395.197704 200.906969 462.821944 370.832267
-16.000000 35.000000 2.400000 14713.781770 381.200146 193.817106 445.870825 353.254432
-16.000000 40.000000 2.400000 14549.959204 367.965738 187.116567 429.837433 336.628543
-16.000000 45.000000 2.400000 14395.784240 355.494481 180.805353 414.721766 320.954601
-16.000000 50.000000 2.400000 14251.256877 343.786375 174.883463 400.523826 306.232604
-16.000000 55.000000 2.400000 14116.377115 332.841420 169.350899 387.243612 292.462553
-16.000000 60.000000 2.400000 13991.144954 322.659615 164.207658 374.881124 279.644448
-16.000000 65.000000 2.400000 13875.560395 313.240960 159.453742 363.436362 267.778288
-16.000000 70.000000 2.400000 13769.623437 304.585457 155.089151 352.909326 256.864075
-16.000000 75.000000 2.400000 13673.334079 296.693104 151.113885 343.300016 246.901808
-16.000000 80.000000 2.400000 13586.692323 289.563901 147.527942 334.608432 237.891486
-16.000000 85.000000 2.400000 13509.698169 283.197850 144.331325 326.834574 229.833111
-16.000000 90.000000 2.400000 13442.351615 277.594948 141.524032 319.978443 222.726681
-16.000000 95.000000 2.400000 13384.652662 272.755198 139.106064 314.040037 216.572198
-16.000000 100.000000 2.400000 13336.601311 268.678598 137.077420 309.019358 211.369660
-16.000000 105.000000 2.400000 13298.197561 265.365149 135.438101 304.916405 207.119068
-16.000000 110.000000 2.400000 13269.441412 262.814850 134.188106 301.731177 203.820423
-16.000000 115.000000 2.400000 13250.332864 261.027702 133.327436 299.463676 201.473723
-16.000000 120.000000 2.400000 13240.871917 260.003705 132.856091 298.113901 200.078969
-16.000000 125.000000 2.400000 13241.058572 259.742858 132.774070 297.681852 199.636161
-16.000000 130.000000 2.400000 13250.892828 260.245162 133.081373 298.167530 200.145299
-16.000000 135.000000 2.400000 13270.374685 261.510617 133.778002 299.570933 201.606383
-16.000000 140.000000 2.400000 13299.504143 263.539222 134.863954 301.892062 204.019412
-16.000000 145.000000 2.400000 13338.281202 266.330978 136.339232 305.130918 207.384388
-16.000000 150.000000 2.400000 13386.705862 269.885885 138.203834 309.287499 211.701310
-16.000000 155.000000 2.400000 13444.778124 274.203942 140.457760 314.361807 216.970177
-16.000000 160.000000 2.400000 13512.497987 279.285150 143.101011 320.353841 223.190991
-16.000000 165.000000 2.400000 13589.865450 285.129508 146.133587 327.263601 230.363750
-16.000000 170.000000 2.400000 13676.880516 291.737017 149.555487 335.091087 238.488455
-16.000000 175.000000 2.400000 13773.543182 299.107677 153.366712 343.836299 247.565107
-15.000000 10.000000 2.400000 16392.501243 492.626265 249.293047 571.395412 469.487759
-15.000000 15.000000 2.400000 16180.440671 475.576105 240.645886 550.773389 448.102141
-15.000000 20.000000 2.400000 15978.027701 459.289095 232.388049 531.069092 427.668469
-15.000000 25.000000 2.400000 15785.262332 443.765235 224.519536 512.282521 408.186742
-15.000000 30.000000 2.400000 15602.144565 429.004527 217.040349 494.413676 389.656961
-15.000000 35.000000 2.400000 15428.674398 415.006968 209.950485 477.462558 372.079127
-15.000000 40.000000 2.400000 15264.851833 401.772561 203.249947 461.429165 355.453238
-15.000000 45.000000 2.400000 15110.676868 389.301304 196.938733 446.313499 339.779295
-15.000000 50.000000 2.400000 14966.149505 377.593198 191.016843 432.115558 325.057298
-15.000000 55.000000 2.400000 14831.269743 366.648242 185.484278 418.835344 311.287247
-15.000000 60.000000 2.400000 14706.037583 356.466437 180.341038 406.472856 298.469142
-15.000000 65.000000 2.400000 14590.453023 347.047783 175.587122 395.028094 286.602983
-15.000000 70.000000 2.400000 14484.516065 338.392279 171.222531 384.501058 275.688769
-15.000000 75.000000 2.400000 14388.226708 330.499926 167.247264 374.891748 265.726502
-15.000000 80.000000 2.400000 14301.584952 323.370724 163.661322 366.200164 256.716181
-15.000000 85.000000 2.400000 14224.590797 317.004672 160.464705 358.426306 248.657805
-15.000000 90.000000 2.400000 14157.244243 311.401771 157.657412 351.570175 241.551376
-15.000000 95.000000 2.400000 14099.545291 306.562021 155.239443 345.631769 235.396892
-15.000000 100.000000 2.400000 14051.493939 302.485421 153.210800 340.611090 230.194355
-15.000000 105.000000 2.400000 14013.090189 299.171972 151.571480 336.508137 225.943763
-15.000000 110.000000 2.400000 13984.334040 296.621673 150.321486 333.322909 222.645117
-15.000000 115.000000 2.400000 13965.225492 294.834525 149.460816 331.055408 220.298417
-15.000000 120.000000 2.400000 13955.764546 293.810528 148.989470 329.705633 218.903663
-15.000000 125.000000 2.400000 13955.951200 293.549681 148.907449 329.273584 218.460855
-15.000000 130.000000 2.400000 13965.785456 294.051985 149.214753 329.759262 218.969993
-15.000000 135.000000 2.400000 13985.267313 295.317440 149.911381 331.162665 220.431077
-15.000000 140.000000 2.400000 14014.396771 297.346045 150.997334 333.483794 222.844107
-15.000000 145.000000 2.400000 14053.173830 300.137801 152.472611 336.722650 226.209082
-15.000000 150.000000 2.400000 14101.598490 303.692707 154.337213 340.879231 230.526004
-15.000000 155.000000 2.400000 14159.670752 308.010765 156.591140 345.953539 235.794871
-15.000000 160.000000 2.400000 14227.390615 313.091972 159.234391 351.945573 242.015685
-15.000000 165.000000 2.400000 14304.758079 318.936331 162.266967 358.855333 249.188444
-15.000000 170.000000 2.400000 14391.773144 325.543840 165.688867 366.682819 257.313150
-15.000000 175.000000 2.400000 14488.435810 332.914499 169.500092 375.428031 266.389801
-14.000000 10.000000 2.400000 17359.605947 538.912197 271.413239 614.921850 495.231169
-14.000000 15.000000 2.400000 17147.545376 521.862036 262.766078 594.299827 473.845550
-14.000000 20.000000 2.400000 16945.132406 505.575026 254.508241 574.595530 453.411878
-14.000000 25.000000 2.400000 16752.367037 490.051167 246.639728 555.808960 433.930151
-14.000000 30.000000 2.400000 16569.249269 475.290458 239.160541 537.940115 415.400370
-14.000000 35.000000 2.400000 16395.779103 461.292900 232.070677 520.988996 397.822536
-14.000000 40.000000 2.400000 16231.956537 448.058493 225.370139 504.955604 381.196647
-14.000000 45.000000 2.400000 16077.781573 435.587236 219.058925 489.839937 365.522704
-14.000000 50.000000 2.400000 15933.254210 423.879130 213.137035 475.641997 350.800707
-14.000000 55.000000 2.400000 15798.374448 412.934174 207.604470 462.361782 337.030656
-14.000000 60.000000 2.400000 15673.142288 402.752369 202.461230 449.999294 324.212551
-14.000000 65.000000 2.400000 15557.557728 393.333715 197.707314 438.554532 312.346392
-14.000000 70.000000 2.400000 15451.620770 384.678211 193.342723 428.027496 301.432179
-14.000000 75.000000 2.400000 15355.331412 376.785858 189.367456 418.418186 291.469911
-14.000000 80.000000 2.400000 15268.689656 369.656656 185.781514 409.726603 282.459590
-14.000000 85.000000 2.400000 15191.695502 363.290604 182.584897 401.952745 274.401214
-14.000000 90.000000 2.400000 15124.348948 357.687703 179.777604 395.096613 267.294785
-14.000000 95.000000 2.400000 15066.649995 352.847952 177.359635 389.158208 261.140301
-14.000000 100.000000 2.400000 15018.598644 348.771353 175.330992 384.137528 255.937764
-14.000000 105.000000 2.400000 14980.194894 345.457903 173.691672 380.034575 251.687172
-14.000000 110.000000 2.400000 14951.438745 342.907605 172.441678 376.849348 248.388526
-14.000000 115.000000 2.400000 14932.330197 341.120457 171.581008 374.581847 246.041826
-14.000000 120.000000 2.400000 14922.869251 340.096459 171.109662 373.232072 244.647072
-14.000000 125.000000 2.400000 14923.055905 339.835613 171.027641 372.800023 244.204264
-14.000000 130.000000 2.400000 14932.890161 340.337917 171.334945 373.285700 244.713402
-14.000000 135.000000 2.400000 14952.372018 341.603371 172.031573 374.689104 246.174486
-14.000000 140.000000 2.400000 14981.501476 343.631977 173.117526 377.010233 248.587516
-14.000000 145.000000 2.400000 15020.278535 346.423733 174.592803 380.249088 251.952491
-14.000000 150.000000 2.400000 15068.703195 349.978639 176.457405 384.405670 256.269413
-14.000000 155.000000 2.400000 15126.775457 354.296696 178.711332 389.479978 261.538281
-14.000000 160.000000 2.400000 15194.495320 359.377904 181.354583 395.472012 267.759094
-14.000000 165.000000 2.400000 15271.862783 365.222262 184.387159 402.381771 274.931853
-14.000000 170.000000 2.400000 15358.877849 371.829771 187.809059 410.209257 283.056559
-14.000000 175.000000 2.400000 15455.540515 379.200431 191.620284 418.954470 292.133210
-13.000000 10.000000 2.400000 18578.922729 597.677238 299.520244 670.382995 527.893292
-13.000000 15.000000 2.400000 18366.862157 580.627077 290.873082 649.760972 506.507674
-13.000000 20.000000 2.400000 18164.449187 564.340067 282.615245 630.056675 486.074001
-13.000000 25.000000 2.400000 17971.683818 548.816207 274.746733 611.270105 466.592275
-13.000000 30.000000 2.400000 17788.566051 534.055499 267.267545 593.401260 448.062494
-13.000000 35.000000 2.400000 17615.095884 520.057941 260.177682 576.450141 430.484660
-13.000000 40.000000 2.400000 17451.273319 506.823533 253.477143 560.416749 413.858771
-13.000000 45.000000 2.400000 17297.098354 494.352276 247.165929 545.301082 398.184828
-13.000000 50.000000 2.400000 17152.570991 482.644170 241.244039 531.103142 383.462831
-13.000000 55.000000 2.400000 17017.691230 471.699215 235.711475 517.822927 369.692780
-13.000000 60.000000 2.400000 16892.459069 461.517410 230.568234 505.460439 356.874675
-13.000000 65.000000 2.400000 16776.874509 452.098755 225.814318 494.015677 345.008516
-13.000000 70.000000 2.400000 16670.937551 443.443252 221.449727 483.488641 334.094302
-13.000000 75.000000 2.400000 16574.648194 435.550899 217.474461 473.879331 324.132035
-13.000000 80.000000 2.400000 16488.006438 428.421696 213.888518 465.187748 315.121714
-13.000000 85.000000 2.400000 16411.012283 422.055644 210.691901 457.413890 307.063338
-13.000000 90.000000 2.400000 16343.665729 416.452743 207.884608 450.557758 299.956909
-13.000000 95.000000 2.400000 16285.966777 411.612993 205.466640 444.619353 293.802425
-13.000000 100.000000 2.400000 16237.915425 407.536393 203.437996 439.598674 288.599887
-13.000000 105.000000 2.400000 16199.511675 404.222944 201.798677 435.495720 284.349296
-13.000000 110.000000 2.400000 16170.755526 401.672645 200.548682 432.310493 281.050650
-13.000000 115.000000 2.400000 16151.646978 399.885497 199.688012 430.042992 278.703950
-13.000000 120.000000 2.400000 16142.186032 398.861500 199.216667 428.693217 277.309196
-13.000000 125.000000 2.400000 16142.372686 398.600653 199.134646 428.261168 276.866388
-13.000000 130.000000 2.400000 16152.206942 399.102957 199.441949 428.746845 277.375526
-13.000000 135.000000 2.400000 16171.688799 400.368412 200.138578 430.150249 278.836610
-13.000000 140.000000 2.400000 16200.818257 402.397017 201.224530 432.471378 281.249640
-13.000000 145.000000 2.400000 16239.595316 405.188773 202.699808 435.710233 284.614615
-13.000000 150.000000 2.400000 16288.019977 408.743680 204.564410 439.866815 288.931537
-13.000000 155.000000 2.400000 16346.092238 413.061737 206.818336 444.941123 294.200404
-13.000000 160.000000 2.400000 16413.812101 418.142945 209.461587 450.933157 300.421218
-13.000000 165.000000 2.400000 16491.179565 423.987303 212.494163 457.842916 307.593977
-13.000000 170.000000 2.400000 16578.194630 430.594812 215.916063 465.670402 315.718683
-13.000000 175.000000 2.400000 16674.857296 437.965472 219.727288 474.415615 324.795334
-12.000000 10.000000 2.400000 20050.451586 668.921387 333.614060 737.778847 567.474131
-12.000000 15.000000 2.400000 19838.391015 651.871226 324.966899 717.156824 546.088513
-12.000000 20.000000 2.400000 19635.978045 635.584216 316.709062 697.452527 525.654840
-12.000000 25.000000 2.400000 19443.212676 620.060357 308.840549 678.665956 506.173113
-12.000000 30.000000 2.400000 19260.094909 605.299648 301.361362 660.797111 487.643333
-12.000000 35.000000 2.400000 19086.624742 591.302090 294.271498 643.845993 470.065498
-12.000000 40.000000 2.400000 18922.802177 578.067683 287.570960 627.812600 453.439609
-12.000000 45.000000 2.400000 18768.627212 565.596426 281.259746 612.696934 437.765666
-12.000000 50.000000 2.400000 18624.099849 553.888320 275.337856 598.498993 423.043669
-12.000000 55.000000 2.400000 18489.220087 542.943364 269.805291 585.218779 409.273618
-12.000000 60.000000 2.400000 18363.987927 532.761559 264.662051 572.856291 396.455513
-12.000000 65.000000 2.400000 18248.403367 523.342905 259.908135 561.411529 384.589354
-12.000000 70.000000 2.400000 18142.466409 514.687401 255.543544 550.884493 373.675141
-12.000000 75.000000 2.400000 18046.177052 506.795048 251.568277 541.275183 363.712874
-12.000000 80.000000 2.400000 17959.535296 499.665846 247.982335 532.583599 354.702552
-12.000000 85.000000 2.400000 17882.541141 493.299794 244.785718 524.809741 346.644177
-12.000000 90.000000 2.400000 17815.194587 487.696893 241.978425 517.953610 339.537747
-12.000000 95.000000 2.400000 17757.495635 482.857142 239.560456 512.015204 333.383264
-12.000000 100.000000 2.400000 17709.444283 478.780542 237.531813 506.994525 328.180726
-12.000000 105.000000 2.400000 17671.040533 475.467093 235.892493 502.891572 323.930134
-12.000000 110.000000 2.400000 17642.284384 472.916795 234.642499 499.706345 320.631489
-12.000000 115.000000 2.400000 17623.175836 471.129647 233.781829 497.438843 318.284789
-12.000000 120.000000 2.400000 17613.714890 470.105649 233.310483 496.089068 316.890035
-12.000000 125.000000 2.400000 17613.901544 469.844803 233.228462 495.657020 316.447227
-12.000000 130.000000 2.400000 17623.735800 470.347107 233.535766 496.142697 316.956365
-12.000000 135.000000 2.400000 17643.217657 471.612561 234.232394 497.546100 318.417448
-12.000000 140.000000 2.400000 17672.347115 473.641167 235.318347 499.867229 320.830478
-12.000000 145.000000 2.400000 17711.124174 476.432922 236.793624 503.106085 324.195454
-12.000000 150.000000 2.400000 17759.548834 479.987829 238.658226 507.262667 328.512375
-12.000000 155.000000 2.400000 17817.621096 484.305886 240.912153 512.336974 333.781243
-12.000000 160.000000 2.400000 17885.340959 489.387094 243.555404 518.329008 340.002056
-12.000000 165.000000 2.400000 17962.708423 495.231452 246.587980 525.238768 347.174816
-12.000000 170.000000 2.400000 18049.723488 501.838961 250.009880 533.066254 355.299521
-12.000000 175.000000 2.400000 18146.386154 509.209621 253.821105 541.811466 364.376172
