-18.000000 10.000000 3.000000 19460.414001 523.588135 263.947633 606.271478 493.617146
-18.000000 15.000000 3.000000 19269.781627 507.307045 255.686352 586.624731 473.327384
-18.000000 20.000000 3.000000 19087.821175 491.754685 247.797031 567.852349 453.940651
-18.000000 25.000000 3.000000 18914.532646 476.931056 240.279670 549.954330 435.456947
-18.000000 30.000000 3.000000 18749.916039 462.836156 233.134270 532.930675 417.876271
-18.000000 35.000000 3.000000 18593.971354 449.469986 226.360830 516.781383 401.198625
-18.000000 40.000000 3.000000 18446.698592 436.832546 219.959349 501.506455 385.424007
-18.000000 45.000000 3.000000 18308.097753 424.923837 213.929830 487.105891 370.552417
-18.000000 50.000000 3.000000 18178.168836 413.743857 208.272270 473.579690 356.583856
-18.000000 55.000000 3.000000 18056.911842 403.292607 202.986671 460.927853 343.518324
-18.000000 60.000000 3.000000 17944.326770 393.570087 198.073031 449.150380 331.355821
-18.000000 65.000000 3.000000 17840.413621 384.576298 193.531352 438.247270 320.096346
-18.000000 70.000000 3.000000 17745.172394 376.311238 189.361633 428.218523 309.739900
-18.000000 75.000000 3.000000 17658.603089 368.774908 185.563875 419.064141 300.286483
-18.000000 80.000000 3.000000 17580.705708 361.967309 182.138077 410.784122 291.736094
-18.000000 85.000000 3.000000 17511.480248 355.888439 179.084238 403.378466 284.088735
-18.000000 90.000000 3.000000 17450.926712 350.538300 176.402360 396.847175 277.344403
-18.000000 95.000000 3.000000 17399.045097 345.916890 174.092443 391.190247 271.503101
-18.000000 100.000000 3.000000 17355.835406 342.024210 172.154485 386.407682 266.564827
-18.000000 105.000000 3.000000 17321.297636 338.860261 170.588488 382.499481 262.529582
-18.000000 110.000000 3.000000 17295.431790 336.425041 169.394451 379.465644 259.397366
-18.000000 115.000000 3.000000 17278.237865 334.718552 168.572374 377.306170 257.168178
-18.000000 120.000000 3.000000 17269.715864 333.740792 168.122257 376.021060 255.842019
-18.000000 125.000000 3.000000 17269.865784 333.491763 168.044101 375.610314 255.418888
-18.000000 130.000000 3.000000 17278.687628 333.971463 168.337904 376.073931 255.898787
-18.000000 135.000000 3.000000 17296.181393 335.179894 169.003668 377.411912 257.281714
-18.000000 140.000000 3.000000 17322.347082 337.117054 170.041392 379.624257 259.567669
-18.000000 145.000000 3.000000 17357.184692 339.782945 171.451077 382.710965 262.756654
-18.000000 150.000000 3.000000 17400.694226 343.177565 173.232721 386.672037 266.848667
-18.000000 155.000000 3.000000 17452.875682 347.300916 175.386326 391.507472 271.843709
-18.000000 160.000000 3.000000 17513.729060 352.152997 177.911891 397.217271 277.741779
-18.000000 165.000000 3.000000 17583.254361 357.733807 180.809416 403.801434 284.542878
-18.000000 170.000000 3.000000 17661.451584 364.043348 184.078902 411.259960 292.247006
-18.000000 175.000000 3.000000 17748.320730 371.081618 187.720347 419.592850 300.854163
-17.000000 10.000000 3.000000 19648.914696 532.037627 267.921428 613.634862 498.355525
-17.000000 15.000000 3.000000 19458.282322 515.756537 259.660147 593.988116 478.065764
-17.000000 20.000000 3.000000 19276.321870 500.204178 251.770826 575.215733 458.679031
-17.000000 25.000000 3.000000 19103.033341 485.380548 244.253465 557.317714 440.195327
-17.000000 30.000000 3.000000 18938.416734 471.285648 237.108065 540.294059 422.614651
-17.000000 35.000000 3.000000 18782.472049 457.919478 230.334625 524.144767 405.937004
-17.000000 40.000000 3.000000 18635.199287 445.282039 223.933144 508.869839 390.162386
-17.000000 45.000000 3.000000 18496.598448 433.373329 217.903625 494.469275 375.290797
-17.000000 50.000000 3.000000 18366.669531 422.193349 212.246065 480.943074 361.322236
-17.000000 55.000000 3.000000 18245.412537 411.742099 206.960466 468.291237 348.256704
-17.000000 60.000000 3.000000 18132.827465 402.019580 202.046826 456.513764 336.094201
-17.000000 65.000000 3.000000 18028.914316 393.025790 197.505147 445.610654 324.834726
-17.000000 70.000000 3.000000 17933.673089 384.760730 193.335428 435.581907 314.478280
-17.000000 75.000000 3.000000 17847.103785 377.224401 189.537670 426.427525 305.024863
-17.000000 80.000000 3.000000 17769.206403 370.416801 186.111871 418.147506 296.474474
-17.000000 85.000000 3.000000 17699.980943 364.337932 183.058033 410.741851 288.827114
-17.000000 90.000000 3.000000 17639.427407 358.987792 180.376155 404.210559 282.082783
-17.000000 95.000000 3.000000 17587.545792 354.366382 178.066238 398.553631 276.241481
-17.000000 100.000000 3.000000 17544.336101 350.473703 176.128280 393.771066 271.303207
-17.000000 105.000000 3.000000 17509.798331 347.309753 174.562283 389.862865 267.267962
-17.000000 110.000000 3.000000 17483.932485 344.874534 173.368246 386.829028 264.135745
-17.000000 115.000000 3.000000 17466.738560 343.168044 172.546169 384.669554 261.906557
-17.000000 120.000000 3.000000 17458.216559 342.190285 172.096052 383.384445 260.580398
-17.000000 125.000000 3.000000 17458.366479 341.941255 172.017896 382.973698 260.157268
-17.000000 130.000000 3.000000 17467.188323 342.420956 172.311699 383.437315 260.637166
-17.000000 135.000000 3.000000 17484.682088 343.629386 172.977463 384.775296 262.020093
-17.000000 140.000000 3.000000 17510.847777 345.566547 174.015187 386.987641 264.306049
-17.000000 145.000000 3.000000 17545.685388 348.232437 175.424872 390.074349 267.495033
-17.000000 150.000000 3.000000 17589.194921 351.627058 177.206516 394.035421 271.587047
-17.000000 155.000000 3.000000 17641.376377 355.750408 179.360121 398.870856 276.582088
-17.000000 160.000000 3.000000 17702.229755 360.602489 181.885686 404.580655 282.480159
-17.000000 165.000000 3.000000 17771.755056 366.183300 184.783211 411.164818 289.281258
-17.000000 170.000000 3.000000 17849.952279 372.492840 188.052697 418.623344 296.985386
-17.000000 175.000000 3.000000 17936.821425 379.531111 191.694142 426.956234 305.592542
-16.000000 10.000000 3.000000 20063.387266 552.403355 277.614564 632.375399 509.666025
-16.000000 15.000000 3.000000 19872.754891 536.122266 269.353283 612.728653 489.376264
-16.000000 20.000000 3.000000 19690.794439 520.569906 261.463962 593.956270 469.989531
-16.000000 25.000000 3.000000 19517.505910 505.746276 253.946601 576.058251 451.505827
-16.000000 30.000000 3.000000 19352.889303 491.651376 246.801201 559.034596 433.925151
-16.000000 35.000000 3.000000 19196.944619 478.285206 240.027760 542.885304 417.247504
-16.000000 40.000000 3.000000 19049.671857 465.647767 233.626280 527.610376 401.472886
-16.000000 45.000000 3.000000 18911.071018 453.739057 227.596760 513.209812 386.601297
-16.000000 50.000000 3.000000 18781.142101 442.559077 221.939201 499.683611 372.632736
-16.000000 55.000000 3.000000 18659.885106 432.107828 216.653601 487.031774 359.567204
-16.000000 60.000000 3.000000 18547.300034 422.385308 211.739962 475.254301 347.404701
-16.000000 65.000000 3.000000 18443.386885 413.391518 207.198283 464.351191 336.145226
-16.000000 70.000000 3.000000 18348.145658 405.126459 203.028564 454.322445 325.788780
-16.000000 75.000000 3.000000 18261.576354 397.590129 199.230806 445.168062 316.335363
-16.000000 80.000000 3.000000 18183.678972 390.782529 195.805007 436.888043 307.784974
-16.000000 85.000000 3.000000 18114.453513 384.703660 192.751169 429.482388 300.137614
-16.000000 90.000000 3.000000 18053.899976 379.353520 190.069291 422.951096 293.393283
-16.000000 95.000000 3.000000 18002.018362 374.732110 187.759373 417.294168 287.551981
-16.000000 100.000000 3.000000 17958.808670 370.839431 185.821416 412.511603 282.613707
-16.000000 105.000000 3.000000 17924.270901 367.675481 184.255418 408.603402 278.578462
-16.000000 110.000000 3.000000 17898.405054 365.240262 183.061381 405.569565 275.446245
-16.000000 115.000000 3.000000 17881.211130 363.533772 182.239304 403.410092 273.217058
-16.000000 120.000000 3.000000 17872.689128 362.556013 181.789188 402.124982 271.890898
-16.000000 125.000000 3.000000 17872.839049 362.306983 181.711031 401.714235 271.467768
-16.000000 130.000000 3.000000 17881.660892 362.786684 182.004835 402.177853 271.947666
-16.000000 135.000000 3.000000 17899.154658 363.995114 182.670599 403.515833 273.330593
-16.000000 140.000000 3.000000 17925.320346 365.932275 183.708323 405.728178 275.616549
-16.000000 145.000000 3.000000 17960.157957 368.598165 185.118008 408.814886 278.805534
-16.000000 150.000000 3.000000 18003.667490 371.992786 186.899652 412.775958 282.897547
-16.000000 155.000000 3.000000 18055.848946 376.116136 189.053257 417.611393 287.892588
-16.000000 160.000000 3.000000 18116.702324 380.968217 191.578822 423.321192 293.790659
-16.000000 165.000000 3.000000 18186.227625 386.549028 194.476347 429.905355 300.591758
-16.000000 170.000000 3.000000 18264.424849 392.858568 197.745833 437.363881 308.295886
-16.000000 175.000000 3.000000 18351.293995 399.896839 201.387278 445.696771 316.903043
-15.000000 10.000000 3.000000 20703.831709 584.685319 293.027040 662.493089 527.548646
-15.000000 15.000000 3.000000 20513.199335 568.404230 284.765759 642.846343 507.258884
-15.000000 20.000000 3.000000 20331.238883 552.851870 276.876438 624.073960 487.872152
-15.000000 25.000000 3.000000 20157.950354 538.028240 269.359077 606.175941 469.388447
-15.000000 30.000000 3.000000 19993.333747 523.933340 262.213677 589.152286 451.807772
-15.000000 35.000000 3.000000 19837.389062 510.567170 255.440237 573.002995 435.130125
-15.000000 40.000000 3.000000 19690.116301 497.929731 249.038757 557.728067 419.355507
-15.000000 45.000000 3.000000 19551.515461 486.021021 243.009237 543.327502 404.483917
-15.000000 50.000000 3.000000 19421.586544 474.841041 237.351677 529.801302 390.515357
-15.000000 55.000000 3.000000 19300.329550 464.389792 232.066078 517.149464 377.449825
-15.000000 60.000000 3.000000 19187.744478 454.667272 227.152438 505.371991 365.287321
-15.000000 65.000000 3.000000 19083.831329 445.673482 222.610759 494.468881 354.027847
-15.000000 70.000000 3.000000 18988.590102 437.408423 218.441041 484.440135 343.671401
-15.000000 75.000000 3.000000 18902.020798 429.872093 214.643282 475.285752 334.217983
-15.000000 80.000000 3.000000 18824.123416 423.064493 211.217484 467.005733 325.667595
-15.000000 85.000000 3.000000 18754.897957 416.985624 208.163645 459.600078 318.020235
-15.000000 90.000000 3.000000 18694.344420 411.635484 205.481768 453.068786 311.275904
-15.000000 95.000000 3.000000 18642.462806 407.014074 203.171850 447.411858 305.434601
-15.000000 100.000000 3.000000 18599.253114 403.121395 201.233892 442.629294 300.496327
-15.000000 105.000000 3.000000 18564.715345 399.957445 199.667895 438.721093 296.461082
-15.000000 110.000000 3.000000 18538.849498 397.522226 198.473858 435.687255 293.328866
-15.000000 115.000000 3.000000 18521.655574 395.815736 197.651781 433.527782 291.099678
-15.000000 120.000000 3.000000 18513.133572 394.837977 197.201664 432.242672 289.773519
-15.000000 125.000000 3.000000 18513.283493 394.588947 197.123508 431.831925 289.350389
-15.000000 130.000000 3.000000 18522.105336 395.068648 197.417311 432.295543 289.830287
-15.000000 135.000000 3.000000 18539.599102 396.277078 198.083075 433.633524 291.213214
-15.000000 140.000000 3.000000 18565.764790 398.214239 199.120800 435.845868 293.499170
-15.000000 145.000000 3.000000 18600.602401 400.880129 200.530484 438.932576 296.688154
-15.000000 150.000000 3.000000 18644.111934 404.274750 202.312129 442.893648 300.780167
-15.000000 155.000000 3.000000 18696.293390 408.398100 204.465733 447.729083 305.775209
-15.000000 160.000000 3.000000 18757.146768 413.250181 206.991298 453.438882 311.673280
-15.000000 165.000000 3.000000 18826.672069 418.830992 209.888824 460.023045 318.474379
-15.000000 170.000000 3.000000 18904.869292 425.140532 213.158309 467.481571 326.178507
-15.000000 175.000000 3.000000 18991.738438 432.178803 216.799755 475.814461 334.785663
-14.000000 10.000000 3.000000 21570.248027 628.883519 314.158857 703.987932 552.003387
-14.000000 15.000000 3.000000 21379.615653 612.602429 305.897576 684.341186 531.713625
-14.000000 20.000000 3.000000 21197.655201 597.050070 298.008255 665.568804 512.326893
-14.000000 25.000000 3.000000 21024.366672 582.226440 290.490895 647.670785 493.843188
-14.000000 30.000000 3.000000 20859.750065 568.131540 283.345494 630.647129 476.262513
-14.000000 35.000000 3.000000 20703.805380 554.765370 276.572054 614.497838 459.584866
-14.000000 40.000000 3.000000 20556.532619 542.127930 270.170574 599.222910 443.810248
-14.000000 45.000000 3.000000 20417.931779 530.219221 264.141054 584.822346 428.938659
-14.000000 50.000000 3.000000 20288.002862 519.039241 258.483494 571.296145 414.970098
-14.000000 55.000000 3.000000 20166.745868 508.587991 253.197895 558.644308 401.904566
-14.000000 60.000000 3.000000 20054.160796 498.865472 248.284256 546.866834 389.742062
-14.000000 65.000000 3.000000 19950.247647 489.871682 243.742577 535.963724 378.482588
-14.000000 70.000000 3.000000 19855.006420 481.606622 239.572858 525.934978 368.126142
-14.000000 75.000000 3.000000 19768.437116 474.070293 235.775099 516.780595 358.672724
-14.000000 80.000000 3.000000 19690.539734 467.262693 232.349301 508.500576 350.122336
-14.000000 85.000000 3.000000 19621.314275 461.183823 229.295463 501.094921 342.474976
-14.000000 90.000000 3.000000 19560.760738 455.833684 226.613585 494.563629 335.730645
-14.000000 95.000000 3.000000 19508.879124 451.212274 224.303667 488.906701 329.889342
-14.000000 100.000000 3.000000 19465.669432 447.319595 222.365709 484.124137 324.951068
-14.000000 105.000000 3.000000 19431.131663 444.155645 220.799712 480.215936 320.915823
-14.000000 110.000000 3.000000 19405.265816 441.720425 219.605675 477.182099 317.783607
-14.000000 115.000000 3.000000 19388.071892 440.013936 218.783598 475.022625 315.554419
-14.000000 120.000000 3.000000 19379.549890 439.036176 218.333481 473.737515 314.228260
-14.000000 125.000000 3.000000 19379.699811 438.787147 218.255325 473.326769 313.805130
-14.000000 130.000000 3.000000 19388.521654 439.266847 218.549129 473.790386 314.285028
-14.000000 135.000000 3.000000 19406.015420 440.475278 219.214893 475.128367 315.667955
-14.000000 140.000000 3.000000 19432.181108 442.412438 220.252617 477.340711 317.953911
-14.000000 145.000000 3.000000 19467.018719 445.078329 221.662301 480.427420 321.142895
-14.000000 150.000000 3.000000 19510.528252 448.472950 223.443946 484.388491 325.234908
-14.000000 155.000000 3.000000 19562.709708 452.596300 225.597551 489.223927 330.229950
-14.000000 160.000000 3.000000 19623.563086 457.448381 228.123116 494.933726 336.128021
-14.000000 165.000000 3.000000 19693.088387 463.029191 231.020641 501.517888 342.929120
-14.000000 170.000000 3.000000 19771.285610 469.338732 234.290126 508.976415 350.633248
-14.000000 175.000000 3.000000 19858.154756 476.377003 237.931572 517.309304 359.240404
-13.000000 10.000000 3.000000 22662.636220 684.997955 341.010015 756.859929 583.030249
-13.000000 15.000000 3.000000 22472.003845 668.716865 332.748734 737.213182 562.740487
-13.000000 20.000000 3.000000 22290.043393 653.164505 324.859413 718.440800 543.353754
-13.000000 25.000000 3.000000 22116.754864 638.340875 317.342053 700.542781 524.870050
-13.000000 30.000000 3.000000 21952.138257 624.245976 310.196652 683.519126 507.289374
-13.000000 35.000000 3.000000 21796.193573 610.879806 303.423212 667.369834 490.611728
-13.000000 40.000000 3.000000 21648.920811 598.242366 297.021732 652.094906 474.837109
-13.000000 45.000000 3.000000 21510.319972 586.333656 290.992212 637.694342 459.965520
-13.000000 50.000000 3.000000 21380.391055 575.153677 285.334652 624.168141 445.996959
-13.000000 55.000000 3.000000 21259.134060 564.702427 280.049053 611.516304 432.931427
-13.000000 60.000000 3.000000 21146.548989 554.979907 275.135414 599.738830 420.768924
-13.000000 65.000000 3.000000 21042.635839 545.986118 270.593735 588.835721 409.509449
-13.000000 70.000000 3.000000 20947.394612 537.721058 266.424016 578.806974 399.153003
-13.000000 75.000000 3.000000 20860.825308 530.184728 262.626257 569.652592 389.699586
-13.000000 80.000000 3.000000 20782.927926 523.377129 259.200459 561.372573 381.149197
-13.000000 85.000000 3.000000 20713.702467 517.298259 256.146621 553.966917 373.501838
-13.000000 90.000000 3.000000 20653.148930 511.948119 253.464743 547.435626 366.757506
-13.000000 95.000000 3.000000 20601.267316 507.326710 251.154825 541.778698 360.916204
-13.000000 100.000000 3.000000 20558.057624 503.434030 249.216867 536.996133 355.977930
-13.000000 105.000000 3.000000 20523.519855 500.270081 247.650870 533.087932 351.942685
-13.000000 110.000000 3.000000 20497.654008 497.834861 246.456833 530.054095 348.810468
-13.000000 115.000000 3.000000 20480.460084 496.128372 245.634756 527.894621 346.581281
-13.000000 120.000000 3.000000 20471.938082 495.150612 245.184639 526.609511 345.255122
-13.000000 125.000000 3.000000 20472.088003 494.901583 245.106483 526.198765 344.831991
-13.000000 130.000000 3.000000 20480.909846 495.381283 245.400287 526.662382 345.311890
-13.000000 135.000000 3.000000 20498.403612 496.589714 246.066051 528.000363 346.694817
-13.000000 140.000000 3.000000 20524.569300 498.526874 247.103775 530.212708 348.980772
-13.000000 145.000000 3.000000 20559.406911 501.192765 248.513459 533.299416 352.169757
-13.000000 150.000000 3.000000 20602.916444 504.587385 250.295104 537.260488 356.261770
-13.000000 155.000000 3.000000 20655.097900 508.710736 252.448708 542.095923 361.256812
-13.000000 160.000000 3.000000 20715.951278 513.562816 254.974273 547.805722 367.154882
-13.000000 165.000000 3.000000 20785.476579 519.143627 257.871799 554.389885 373.955981
-13.000000 170.000000 3.000000 20863.673803 525.453168 261.141284 561.848411 381.660109
-13.000000 175.000000 3.000000 20950.542949 532.491438 264.782730 570.181301 390.267266
-12.000000 10.000000 3.000000 23980.996286 753.028626 373.580514 821.109078 620.629231
-12.000000 15.000000 3.000000 23790.363912 736.747536 365.319233 801.462332 600.339469
-12.000000 20.000000 3.000000 23608.403460 721.195177 357.429912 782.689949 580.952736
-12.000000 25.000000 3.000000 23435.114931 706.371547 349.912551 764.791930 562.469032
-12.000000 30.000000 3.000000 23270.498324 692.276647 342.767151 747.768275 544.888356
-12.000000 35.000000 3.000000 23114.553639 678.910477 335.993711 731.618984 528.210710
-12.000000 40.000000 3.000000 22967.280878 666.273037 329.592230 716.344056 512.436091
-12.000000 45.000000 3.000000 22828.680038 654.364328 323.562711 701.943491 497.564502
-12.000000 50.000000 3.000000 22698.751121 643.184348 317.905151 688.417290 483.595941
-12.000000 55.000000 3.000000 22577.494127 632.733098 312.619551 675.765453 470.530409
-12.000000 60.000000 3.000000 22464.909055 623.010579 307.705912 663.987980 458.367906
-12.000000 65.000000 3.000000 22360.995906 614.016789 303.164233 653.084870 447.108431
-12.000000 70.000000 3.000000 22265.754679 605.751729 298.994514 643.056124 436.751985
-12.000000 75.000000 3.000000 22179.185375 598.215400 295.196756 633.901741 427.298568
-12.000000 80.000000 3.000000 22101.287993 591.407800 291.770957 625.621722 418.748179
-12.000000 85.000000 3.000000 22032.062534 585.328930 288.717119 618.216067 411.100820
-12.000000 90.000000 3.000000 21971.508997 579.978791 286.035241 611.684775 404.356488
-12.000000 95.000000 3.000000 21919.627382 575.357381 283.725324 606.027847 398.515186
-12.000000 100.000000 3.000000 21876.417691 571.464702 281.787366 601.245282 393.576912
-12.000000 105.000000 3.000000 21841.879921 568.300752 280.221369 597.337082 389.541667
-12.000000 110.000000 3.000000 21816.014075 565.865533 279.027332 594.303244 386.409450
-12.000000 115.000000 3.000000 21798.820150 564.159043 278.205255 592.143771 384.180263
-12.000000 120.000000 3.000000 21790.298149 563.181283 277.755138 590.858661 382.854104
-12.000000 125.000000 3.000000 21790.448069 562.932254 277.676982 590.447914 382.430973
-12.000000 130.000000 3.000000 21799.269913 563.411954 277.970785 590.911532 382.910872
-12.000000 135.000000 3.000000 21816.763679 564.620385 278.636549 592.249513 384.293799
-12.000000 140.000000 3.000000 21842.929367 566.557546 279.674273 594.461857 386.579754
-12.000000 145.000000 3.000000 21877.766978 569.223436 281.083958 597.548565 389.768739
-12.000000 150.000000 3.000000 21921.276511 572.618057 282.865602 601.509637 393.860752
-12.000000 155.000000 3.000000 21973.457967 576.741407 285.019207 606.345072 398.855794
-12.000000 160.000000 3.000000 22034.311345 581.593488 287.544772 612.054871 404.753864
-12.000000 165.000000 3.000000 22103.836646 587.174298 290.442297 618.639034 411.554963
-12.000000 170.000000 3.000000 22182.033869 593.483839 293.711783 626.097560 419.259091
-12.000000 175.000000 3.000000 22268.903015 600.522110 297.353228 634.430450 427.866248
