-18.000000 10.000000 2.800000 18030.659456 492.425583 249.155207 575.710548 474.183273
-18.000000 15.000000 2.800000 17833.144037 475.892072 240.767341 555.746320 453.537844
-18.000000 20.000000 2.800000 17644.613933 460.098587 232.757131 536.670573 433.811318
-18.000000 25.000000 2.800000 17465.069144 445.045131 225.124578 518.483306 415.003697
-18.000000 30.000000 2.800000 17294.509670 430.731701 217.869681 501.184519 397.114979
-18.000000 35.000000 2.800000 17132.935511 417.158299 210.992441 484.774213 380.145166
-18.000000 40.000000 2.800000 16980.346667 404.324925 204.492857 469.252387 364.094257
-18.000000 45.000000 2.800000 16836.743138 392.231578 198.370930 454.619041 348.962252
-18.000000 50.000000 2.800000 16702.124925 380.878258 192.626660 440.874176 334.749151
-18.000000 55.000000 2.800000 16576.492026 370.264966 187.260046 428.017791 321.454954
-18.000000 60.000000 2.800000 16459.844442 360.391702 182.271088 416.049886 309.079661
-18.000000 65.000000 2.800000 16352.182173 351.258464 177.659787 404.970462 297.623273
-18.000000 70.000000 2.800000 16253.505219 342.865255 173.426143 394.779518 287.085788
-18.000000 75.000000 2.800000 16163.813580 335.212072 169.570155 385.477054 277.467208
-18.000000 80.000000 2.800000 16083.107256 328.298917 166.091823 377.063071 268.767532
-18.000000 85.000000 2.800000 16011.386247 322.125790 162.991148 369.537568 260.986760
-18.000000 90.000000 2.800000 15948.650553 316.692690 160.268130 362.900546 254.124892
-18.000000 95.000000 2.800000 15894.900174 311.999617 157.922768 357.152004 248.181928
-18.000000 100.000000 2.800000 15850.135110 308.046572 155.955063 352.291942 243.157868
-18.000000 105.000000 2.800000 15814.355361 304.833555 154.365014 348.320360 239.052713
-18.000000 110.000000 2.800000 15787.560927 302.360565 153.152621 345.237259 235.866461
-18.000000 115.000000 2.800000 15769.751808 300.627602 152.317886 343.042639 233.599114
-18.000000 120.000000 2.800000 15760.928004 299.634667 151.860806 341.736498 232.250670
-18.000000 125.000000 2.800000 15761.089515 299.381759 151.781384 341.318838 231.821131
-18.000000 130.000000 2.800000 15770.236341 299.868878 152.079618 341.789658 232.310496
-18.000000 135.000000 2.800000 15788.368482 301.096025 152.755508 343.148959 233.718765
-18.000000 140.000000 2.800000 15815.485938 303.063200 153.809055 345.396740 236.045938
-18.000000 145.000000 2.800000 15851.588709 305.770402 155.240258 348.533001 239.292015
-18.000000 150.000000 2.800000 15896.676795 309.217631 157.049118 352.557743 243.456997
-18.000000 155.000000 2.800000 15950.750196 313.404888 159.235634 357.470965 248.540882
-18.000000 160.000000 2.800000 16013.808912 318.332173 161.799807 363.272667 254.543672
-18.000000 165.000000 2.800000 16085.852943 323.999484 164.741637 369.962850 261.465366
-18.000000 170.000000 2.800000 16166.882289 330.406824 168.061123 377.541513 269.305963
-18.000000 175.000000 2.800000 16256.896950 337.554190 171.758265 386.008656 278.065465
-17.000000 10.000000 2.800000 18226.207985 501.006071 253.190002 583.190845 479.002479
-17.000000 15.000000 2.800000 18028.692566 484.472560 244.802136 563.226617 458.357050
-17.000000 20.000000 2.800000 17840.162462 468.679075 236.791926 544.150870 438.630524
-17.000000 25.000000 2.800000 17660.617673 453.625618 229.159373 525.963603 419.822903
-17.000000 30.000000 2.800000 17490.058199 439.312189 221.904476 508.664816 401.934185
-17.000000 35.000000 2.800000 17328.484040 425.738787 215.027236 492.254510 384.964372
-17.000000 40.000000 2.800000 17175.895197 412.905413 208.527653 476.732684 368.913463
-17.000000 45.000000 2.800000 17032.291668 400.812066 202.405725 462.099338 353.781458
-17.000000 50.000000 2.800000 16897.673454 389.458746 196.661455 448.354473 339.568357
-17.000000 55.000000 2.800000 16772.040555 378.845454 191.294841 435.498088 326.274160
-17.000000 60.000000 2.800000 16655.392971 368.972189 186.305883 423.530183 313.898868
-17.000000 65.000000 2.800000 16547.730702 359.838952 181.694582 412.450759 302.442479
-17.000000 70.000000 2.800000 16449.053748 351.445742 177.460938 402.259815 291.904994
-17.000000 75.000000 2.800000 16359.362109 343.792560 173.604950 392.957352 282.286414
-17.000000 80.000000 2.800000 16278.655785 336.879405 170.126618 384.543368 273.586738
-17.000000 85.000000 2.800000 16206.934776 330.706278 167.025943 377.017865 265.805966
-17.000000 90.000000 2.800000 16144.199082 325.273178 164.302925 370.380843 258.944098
-17.000000 95.000000 2.800000 16090.448703 320.580105 161.957563 364.632301 253.001134
-17.000000 100.000000 2.800000 16045.683639 316.627060 159.989858 359.772239 247.977074
-17.000000 105.000000 2.800000 16009.903890 313.414043 158.399809 355.800658 243.871919
-17.000000 110.000000 2.800000 15983.109456 310.941052 157.187417 352.717556 240.685667
-17.000000 115.000000 2.800000 15965.300337 309.208090 156.352681 350.522936 238.418320
-17.000000 120.000000 2.800000 15956.476533 308.215154 155.895602 349.216795 237.069876
-17.000000 125.000000 2.800000 15956.638044 307.962247 155.816179 348.799135 236.640337
-17.000000 130.000000 2.800000 15965.784870 308.449366 156.114413 349.269955 237.129702
-17.000000 135.000000 2.800000 15983.917011 309.676513 156.790303 350.629256 238.537971
-17.000000 140.000000 2.800000 16011.034467 311.643688 157.843850 352.877037 240.865144
-17.000000 145.000000 2.800000 16047.137238 314.350890 159.275053 356.013298 244.111221
-17.000000 150.000000 2.800000 16092.225324 317.798119 161.083913 360.038040 248.276203
-17.000000 155.000000 2.800000 16146.298725 321.985376 163.270430 364.951262 253.360088
-17.000000 160.000000 2.800000 16209.357441 326.912660 165.834603 370.752964 259.362878
-17.000000 165.000000 2.800000 16281.401472 332.579972 168.776432 377.443147 266.284572
-17.000000 170.000000 2.800000 16362.430818 338.987311 172.095918 385.021810 274.125169
-17.000000 175.000000 2.800000 16452.445479 346.134678 175.793061 393.488953 282.884671
-16.000000 10.000000 2.800000 18656.147913 521.687539 263.031878 602.229858 490.506355
-16.000000 15.000000 2.800000 18458.632494 505.154028 254.644012 582.265630 469.860925
-16.000000 20.000000 2.800000 18270.102390 489.360543 246.633802 563.189883 450.134400
-16.000000 25.000000 2.800000 18090.557601 474.307087 239.001249 545.002616 431.326778
-16.000000 30.000000 2.800000 17919.998127 459.993657 231.746352 527.703829 413.438061
-16.000000 35.000000 2.800000 17758.423968 446.420255 224.869112 511.293523 396.468248
-16.000000 40.000000 2.800000 17605.835125 433.586881 218.369528 495.771697 380.417339
-16.000000 45.000000 2.800000 17462.231596 421.493534 212.247601 481.138351 365.285334
-16.000000 50.000000 2.800000 17327.613382 410.140214 206.503331 467.393486 351.072233
-16.000000 55.000000 2.800000 17201.980483 399.526922 201.136716 454.537101 337.778036
-16.000000 60.000000 2.800000 17085.332899 389.653657 196.147759 442.569197 325.402743
-16.000000 65.000000 2.800000 16977.670630 380.520420 191.536458 431.489772 313.946355
-16.000000 70.000000 2.800000 16878.993676 372.127210 187.302813 421.298828 303.408870
-16.000000 75.000000 2.800000 16789.302037 364.474028 183.446825 411.996365 293.790290
-16.000000 80.000000 2.800000 16708.595713 357.560873 179.968494 403.582382 285.090614
-16.000000 85.000000 2.800000 16636.874704 351.387746 176.867819 396.056879 277.309842
-16.000000 90.000000 2.800000 16574.139010 345.954646 174.144801 389.419856 270.447974
-16.000000 95.000000 2.800000 16520.388631 341.261573 171.799439 383.671314 264.505010
-16.000000 100.000000 2.800000 16475.623567 337.308528 169.831733 378.811252 259.480950
-16.000000 105.000000 2.800000 16439.843819 334.095511 168.241685 374.839671 255.375794
-16.000000 110.000000 2.800000 16413.049385 331.622520 167.029292 371.756570 252.189543
-16.000000 115.000000 2.800000 16395.240266 329.889558 166.194557 369.561949 249.922195
-16.000000 120.000000 2.800000 16386.416462 328.896622 165.737477 368.255809 248.573752
-16.000000 125.000000 2.800000 16386.577973 328.643715 165.658055 367.838149 248.144213
-16.000000 130.000000 2.800000 16395.724799 329.130834 165.956288 368.308969 248.633578
-16.000000 135.000000 2.800000 16413.856940 330.357981 166.632179 369.668269 250.041847
-16.000000 140.000000 2.800000 16440.974396 332.325156 167.685726 371.916050 252.369020
-16.000000 145.000000 2.800000 16477.077166 335.032358 169.116929 375.052312 255.615097
-16.000000 150.000000 2.800000 16522.165252 338.479587 170.925789 379.077053 259.780079
-16.000000 155.000000 2.800000 16576.238653 342.666844 173.112305 383.990275 264.863964
-16.000000 160.000000 2.800000 16639.297369 347.594128 175.676478 389.791978 270.866754
-16.000000 165.000000 2.800000 16711.341400 353.261440 178.618308 396.482160 277.788447
-16.000000 170.000000 2.800000 16792.370746 359.668779 181.937794 404.060823 285.629045
-16.000000 175.000000 2.800000 16882.385407 366.816146 185.634936 412.527967 294.388547
-15.000000 10.000000 2.800000 19320.479240 554.469988 278.680834 632.827588 508.694901
-15.000000 15.000000 2.800000 19122.963821 537.936476 270.292968 612.863360 488.049471
-15.000000 20.000000 2.800000 18934.433717 522.142992 262.282758 593.787613 468.322945
-15.000000 25.000000 2.800000 18754.888928 507.089535 254.650205 575.600346 449.515324
-15.000000 30.000000 2.800000 18584.329454 492.776105 247.395308 558.301559 431.626606
-15.000000 35.000000 2.800000 18422.755295 479.202704 240.518068 541.891253 414.656793
-15.000000 40.000000 2.800000 18270.166452 466.369329 234.018484 526.369427 398.605884
-15.000000 45.000000 2.800000 18126.562923 454.275982 227.896557 511.736081 383.473879
-15.000000 50.000000 2.800000 17991.944709 442.922663 222.152286 497.991216 369.260778
-15.000000 55.000000 2.800000 17866.311810 432.309370 216.785672 485.134831 355.966581
-15.000000 60.000000 2.800000 17749.664226 422.436106 211.796715 473.166926 343.591289
-15.000000 65.000000 2.800000 17642.001957 413.302869 207.185414 462.087502 332.134900
-15.000000 70.000000 2.800000 17543.325003 404.909659 202.951769 451.896558 321.597416
-15.000000 75.000000 2.800000 17453.633364 397.256476 199.095781 442.594095 311.978835
-15.000000 80.000000 2.800000 17372.927040 390.343322 195.617450 434.180111 303.279159
-15.000000 85.000000 2.800000 17301.206031 384.170194 192.516775 426.654609 295.498387
-15.000000 90.000000 2.800000 17238.470337 378.737094 189.793757 420.017586 288.636519
-15.000000 95.000000 2.800000 17184.719958 374.044022 187.448395 414.269044 282.693555
-15.000000 100.000000 2.800000 17139.954894 370.090977 185.480689 409.408982 277.669495
-15.000000 105.000000 2.800000 17104.175145 366.877959 183.890641 405.437401 273.564340
-15.000000 110.000000 2.800000 17077.380712 364.404969 182.678248 402.354300 270.378088
-15.000000 115.000000 2.800000 17059.571593 362.672006 181.843513 400.159679 268.110741
-15.000000 120.000000 2.800000 17050.747789 361.679071 181.386433 398.853538 266.762297
-15.000000 125.000000 2.800000 17050.909300 361.426163 181.307011 398.435878 266.332758
-15.000000 130.000000 2.800000 17060.056126 361.913283 181.605244 398.906699 266.822123
-15.000000 135.000000 2.800000 17078.188267 363.140430 182.281135 400.265999 268.230392
-15.000000 140.000000 2.800000 17105.305722 365.107604 183.334682 402.513780 270.557565
-15.000000 145.000000 2.800000 17141.408493 367.814806 184.765885 405.650041 273.803643
-15.000000 150.000000 2.800000 17186.496579 371.262036 186.574745 409.674783 277.968624
-15.000000 155.000000 2.800000 17240.569980 375.449292 188.761261 414.588005 283.052509
-15.000000 160.000000 2.800000 17303.628696 380.376577 191.325434 420.389707 289.055299
-15.000000 165.000000 2.800000 17375.672727 386.043889 194.267264 427.079890 295.976993
-15.000000 170.000000 2.800000 17456.702073 392.451228 197.586750 434.658553 303.817591
-15.000000 175.000000 2.800000 17546.716734 399.598594 201.283892 443.125697 312.577093
-14.000000 10.000000 2.800000 20219.201966 599.353416 300.136870 674.984034 533.568116
-14.000000 15.000000 2.800000 20021.686547 582.819904 291.749004 655.019806 512.922686
-14.000000 20.000000 2.800000 19833.156443 567.026420 283.738794 635.944059 493.196160
-14.000000 25.000000 2.800000 19653.611654 551.972963 276.106241 617.756792 474.388539
-14.000000 30.000000 2.800000 19483.052180 537.659534 268.851344 600.458005 456.499822
-14.000000 35.000000 2.800000 19321.478021 524.086132 261.974104 584.047699 439.530008
-14.000000 40.000000 2.800000 19168.889177 511.252758 255.474521 568.525873 423.479099
-14.000000 45.000000 2.800000 19025.285649 499.159411 249.352593 553.892527 408.347094
-14.000000 50.000000 2.800000 18890.667435 487.806091 243.608323 540.147662 394.133993
-14.000000 55.000000 2.800000 18765.034536 477.192799 238.241709 527.291277 380.839797
-14.000000 60.000000 2.800000 18648.386952 467.319534 233.252751 515.323372 368.464504
-14.000000 65.000000 2.800000 18540.724683 458.186297 228.641450 504.243948 357.008115
-14.000000 70.000000 2.800000 18442.047729 449.793087 224.407806 494.053004 346.470631
-14.000000 75.000000 2.800000 18352.356090 442.139905 220.551818 484.750541 336.852051
-14.000000 80.000000 2.800000 18271.649766 435.226750 217.073486 476.336558 328.152374
-14.000000 85.000000 2.800000 18199.928757 429.053623 213.972811 468.811055 320.371602
-14.000000 90.000000 2.800000 18137.193063 423.620523 211.249793 462.174032 313.509734
-14.000000 95.000000 2.800000 18083.442684 418.927450 208.904431 456.425490 307.566770
-14.000000 100.000000 2.800000 18038.677620 414.974405 206.936726 451.565428 302.542711
-14.000000 105.000000 2.800000 18002.897871 411.761388 205.346677 447.593847 298.437555
-14.000000 110.000000 2.800000 17976.103437 409.288397 204.134285 444.510746 295.251303
-14.000000 115.000000 2.800000 17958.294318 407.555435 203.299549 442.316125 292.983956
-14.000000 120.000000 2.800000 17949.470514 406.562499 202.842470 441.009984 291.635513
-14.000000 125.000000 2.800000 17949.632025 406.309592 202.763047 440.592324 291.205973
-14.000000 130.000000 2.800000 17958.778851 406.796711 203.061281 441.063145 291.695338
-14.000000 135.000000 2.800000 17976.910992 408.023858 203.737171 442.422445 293.103607
-14.000000 140.000000 2.800000 18004.028448 409.991033 204.790718 444.670226 295.430781
-14.000000 145.000000 2.800000 18040.131219 412.698235 206.221921 447.806488 298.676858
-14.000000 150.000000 2.800000 18085.219305 416.145464 208.030781 451.831229 302.841839
-14.000000 155.000000 2.800000 18139.292706 420.332721 210.217298 456.744451 307.925725
-14.000000 160.000000 2.800000 18202.351422 425.260005 212.781471 462.546154 313.928514
-14.000000 165.000000 2.800000 18274.395453 430.927317 215.723300 469.236336 320.850208
-14.000000 170.000000 2.800000 18355.424799 437.334656 219.042786 476.814999 328.690806
-14.000000 175.000000 2.800000 18445.439460 444.482023 222.739928 485.282143 337.450308
-13.000000 10.000000 2.800000 21352.316090 656.337825 327.399987 728.699196 565.126001
-13.000000 15.000000 2.800000 21154.800672 639.804313 319.012121 708.734969 544.480571
-13.000000 20.000000 2.800000 20966.270568 624.010829 311.001911 689.659221 524.754045
-13.000000 25.000000 2.800000 20786.725779 608.957372 303.369358 671.471954 505.946424
-13.000000 30.000000 2.800000 20616.166305 594.643943 296.114461 654.173168 488.057707
-13.000000 35.000000 2.800000 20454.592146 581.070541 289.237221 637.762861 471.087893
-13.000000 40.000000 2.800000 20302.003302 568.237166 282.737637 622.241035 455.036984
-13.000000 45.000000 2.800000 20158.399773 556.143819 276.615710 607.607690 439.904979
-13.000000 50.000000 2.800000 20023.781560 544.790500 270.871440 593.862824 425.691878
-13.000000 55.000000 2.800000 19898.148661 534.177208 265.504825 581.006440 412.397681
-13.000000 60.000000 2.800000 19781.501077 524.303943 260.515868 569.038535 400.022389
-13.000000 65.000000 2.800000 19673.838808 515.170706 255.904567 557.959111 388.566000
-13.000000 70.000000 2.800000 19575.161854 506.777496 251.670922 547.768167 378.028516
-13.000000 75.000000 2.800000 19485.470215 499.124314 247.814934 538.465703 368.409935
-13.000000 80.000000 2.800000 19404.763891 492.211159 244.336603 530.051720 359.710259
-13.000000 85.000000 2.800000 19333.042882 486.038032 241.235928 522.526217 351.929487
-13.000000 90.000000 2.800000 19270.307188 480.604932 238.512910 515.889195 345.067619
-13.000000 95.000000 2.800000 19216.556809 475.911859 236.167548 510.140653 339.124655
-13.000000 100.000000 2.800000 19171.791745 471.958814 234.199842 505.280591 334.100595
-13.000000 105.000000 2.800000 19136.011996 468.745796 232.609794 501.309009 329.995440
-13.000000 110.000000 2.800000 19109.217562 466.272806 231.397401 498.225908 326.809188
-13.000000 115.000000 2.800000 19091.408443 464.539843 230.562666 496.031287 324.541841
-13.000000 120.000000 2.800000 19082.584639 463.546908 230.105586 494.725147 323.193397
-13.000000 125.000000 2.800000 19082.746150 463.294000 230.026164 494.307487 322.763858
-13.000000 130.000000 2.800000 19091.892976 463.781120 230.324397 494.778307 323.253223
-13.000000 135.000000 2.800000 19110.025117 465.008267 231.000288 496.137608 324.661492
-13.000000 140.000000 2.800000 19137.142573 466.975442 232.053835 498.385389 326.988665
-13.000000 145.000000 2.800000 19173.245344 469.682644 233.485038 501.521650 330.234743
-13.000000 150.000000 2.800000 19218.333430 473.129873 235.293898 505.546392 334.399724
-13.000000 155.000000 2.800000 19272.406831 477.317130 237.480414 510.459614 339.483610
-13.000000 160.000000 2.800000 19335.465547 482.244414 240.044587 516.261316 345.486399
-13.000000 165.000000 2.800000 19407.509578 487.911726 242.986417 522.951499 352.408093
-13.000000 170.000000 2.800000 19488.538924 494.319065 246.305903 530.530162 360.248691
-13.000000 175.000000 2.800000 19578.553585 501.466432 250.003045 538.997305 369.008193
-12.000000 10.000000 2.800000 22719.821614 725.423214 360.470184 793.973075 603.368555
-12.000000 15.000000 2.800000 22522.306195 708.889702 352.082318 774.008848 582.723126
-12.000000 20.000000 2.800000 22333.776091 693.096218 344.072108 754.933100 562.996600
-12.000000 25.000000 2.800000 22154.231303 678.042761 336.439555 736.745833 544.188978
-12.000000 30.000000 2.800000 21983.671829 663.729332 329.184658 719.447047 526.300261
-12.000000 35.000000 2.800000 21822.097670 650.155930 322.307418 703.036740 509.330448
-12.000000 40.000000 2.800000 21669.508826 637.322555 315.807834 687.514914 493.279539
-12.000000 45.000000 2.800000 21525.905297 625.229208 309.685907 672.881569 478.147534
-12.000000 50.000000 2.800000 21391.287083 613.875889 303.941637 659.136703 463.934433
-12.000000 55.000000 2.800000 21265.654184 603.262597 298.575023 646.280318 450.640236
-12.000000 60.000000 2.800000 21149.006600 593.389332 293.586065 634.312414 438.264943
-12.000000 65.000000 2.800000 21041.344332 584.256095 288.974764 623.232990 426.808555
-12.000000 70.000000 2.800000 20942.667378 575.862885 284.741119 613.042046 416.271070
-12.000000 75.000000 2.800000 20852.975739 568.209703 280.885132 603.739582 406.652490
-12.000000 80.000000 2.800000 20772.269415 561.296548 277.406800 595.325599 397.952814
-12.000000 85.000000 2.800000 20700.548406 555.123421 274.306125 587.800096 390.172042
-12.000000 90.000000 2.800000 20637.812712 549.690321 271.583107 581.163074 383.310174
-12.000000 95.000000 2.800000 20584.062333 544.997248 269.237745 575.414531 377.367210
-12.000000 100.000000 2.800000 20539.297269 541.044203 267.270040 570.554470 372.343150
-12.000000 105.000000 2.800000 20503.517520 537.831185 265.679991 566.582888 368.237994
-12.000000 110.000000 2.800000 20476.723086 535.358195 264.467598 563.499787 365.051743
-12.000000 115.000000 2.800000 20458.913967 533.625232 263.632863 561.305166 362.784395
-12.000000 120.000000 2.800000 20450.090163 532.632297 263.175783 559.999026 361.435952
-12.000000 125.000000 2.800000 20450.251674 532.379389 263.096361 559.581366 361.006413
-12.000000 130.000000 2.800000 20459.398500 532.866509 263.394594 560.052186 361.495778
-12.000000 135.000000 2.800000 20477.530641 534.093656 264.070485 561.411487 362.904047
-12.000000 140.000000 2.800000 20504.648097 536.060831 265.124032 563.659268 365.231220
-12.000000 145.000000 2.800000 20540.750868 538.768033 266.555235 566.795529 368.477297
-12.000000 150.000000 2.800000 20585.838954 542.215262 268.364095 570.820271 372.642279
-12.000000 155.000000 2.800000 20639.912355 546.402519 270.550611 575.733493 377.726164
-12.000000 160.000000 2.800000 20702.971071 551.329803 273.114784 581.535195 383.728954
-12.000000 165.000000 2.800000 20775.015102 556.997115 276.056614 588.225378 390.650647
-12.000000 170.000000 2.800000 20856.044448 563.404454 279.376100 595.804041 398.491245
-12.000000 175.000000 2.800000 20946.059109 570.551821 283.073242 604.271184 407.250747
