-18.000000 10.000000 1.600000 8221.588002 295.034738 155.266158 376.367622 346.243113
-18.000000 15.000000 1.600000 7977.031098 276.902325 146.074922 354.329886 323.251967
-18.000000 20.000000 1.600000 7743.601588 259.581500 137.297493 333.272805 301.284451
-18.000000 25.000000 1.600000 7521.299470 243.072263 128.933870 313.196380 280.340564
-18.000000 30.000000 1.600000 7310.124746 227.374613 120.984054 294.100609 260.420307
-18.000000 35.000000 1.600000 7110.077415 212.488552 113.448044 275.985494 241.523680
-18.000000 40.000000 1.600000 6921.157477 198.414078 106.325841 258.851034 223.650683
-18.000000 45.000000 1.600000 6743.364932 185.151192 99.617445 242.697229 206.801315
-18.000000 50.000000 1.600000 6576.699781 172.699894 93.322855 227.524079 190.975577
-18.000000 55.000000 1.600000 6421.162022 161.060184 87.442071 213.331585 176.173469
-18.000000 60.000000 1.600000 6276.751657 150.232062 81.975095 200.119746 162.394990
-18.000000 65.000000 1.600000 6143.468685 140.215527 76.921924 187.888562 149.640141
-18.000000 70.000000 1.600000 6021.313106 131.010581 72.282561 176.638033 137.908922
-18.000000 75.000000 1.600000 5910.284921 122.617222 68.057004 166.368160 127.201333
-18.000000 80.000000 1.600000 5810.384128 115.035451 64.245253 157.078941 117.517373
-18.000000 85.000000 1.600000 5721.610729 108.265268 60.847309 148.770378 108.857043
-18.000000 90.000000 1.600000 5643.964723 102.306673 57.863172 141.442470 101.220343
-18.000000 95.000000 1.600000 5577.446110 97.159666 55.292841 135.095218 94.607272
-18.000000 100.000000 1.600000 5522.054890 92.824247 53.136317 129.728620 89.017832
-18.000000 105.000000 1.600000 5477.791063 89.300415 51.393599 125.342678 84.452021
-18.000000 110.000000 1.600000 5444.654630 86.588171 50.064688 121.937391 80.909839
-18.000000 115.000000 1.600000 5422.645590 84.687516 49.149583 119.512759 78.391288
-18.000000 120.000000 1.600000 5411.763943 83.598448 48.648285 118.068782 76.896366
-18.000000 125.000000 1.600000 5412.009689 83.320968 48.560794 117.605461 76.425074
-18.000000 130.000000 1.600000 5423.382828 83.855076 48.887109 118.122795 76.977411
-18.000000 135.000000 1.600000 5445.883361 85.200771 49.627231 119.620784 78.553379
-18.000000 140.000000 1.600000 5479.511286 87.358055 50.781159 122.099428 81.152976
-18.000000 145.000000 1.600000 5524.266605 90.326926 52.348894 125.558727 84.776203
-18.000000 150.000000 1.600000 5580.149317 94.107386 54.330435 129.998682 89.423059
-18.000000 155.000000 1.600000 5647.159422 98.699433 56.725783 135.419292 95.093545
-18.000000 160.000000 1.600000 5725.296920 104.103068 59.534938 141.820557 101.787661
-18.000000 165.000000 1.600000 5814.561812 110.318291 62.757899 149.202477 109.505407
-18.000000 170.000000 1.600000 5914.954097 117.345101 66.394667 157.565053 118.246782
-18.000000 175.000000 1.600000 6026.473775 125.183500 70.445241 166.908284 128.011788
-17.000000 10.000000 1.600000 8465.509380 304.444982 159.688146 384.609867 351.594257
-17.000000 15.000000 1.600000 8220.952477 286.312568 150.496910 362.572131 328.603111
-17.000000 20.000000 1.600000 7987.522966 268.991743 141.719481 341.515050 306.635595
-17.000000 25.000000 1.600000 7765.220849 252.482506 133.355858 321.438624 285.691708
-17.000000 30.000000 1.600000 7554.046124 236.784857 125.406042 302.342854 265.771451
-17.000000 35.000000 1.600000 7353.998793 221.898795 117.870032 284.227739 246.874824
-17.000000 40.000000 1.600000 7165.078855 207.824321 110.747829 267.093279 229.001827
-17.000000 45.000000 1.600000 6987.286311 194.561435 104.039433 250.939474 212.152459
-17.000000 50.000000 1.600000 6820.621159 182.110137 97.744843 235.766324 196.326721
-17.000000 55.000000 1.600000 6665.083401 170.470427 91.864060 221.573830 181.524613
-17.000000 60.000000 1.600000 6520.673036 159.642305 86.397083 208.361991 167.746134
-17.000000 65.000000 1.600000 6387.390064 149.625771 81.343913 196.130807 154.991285
-17.000000 70.000000 1.600000 6265.234485 140.420824 76.704549 184.880278 143.260066
-17.000000 75.000000 1.600000 6154.206299 132.027465 72.478992 174.610404 132.552477
-17.000000 80.000000 1.600000 6054.305507 124.445695 68.667241 165.321186 122.868517
-17.000000 85.000000 1.600000 5965.532107 117.675512 65.269297 157.012623 114.208187
-17.000000 90.000000 1.600000 5887.886101 111.716916 62.285160 149.684715 106.571487
-17.000000 95.000000 1.600000 5821.367488 106.569909 59.714829 143.337462 99.958416
-17.000000 100.000000 1.600000 5765.976268 102.234490 57.558305 137.970865 94.368976
-17.000000 105.000000 1.600000 5721.712442 98.710658 55.815587 133.584923 89.803165
-17.000000 110.000000 1.600000 5688.576008 95.998415 54.486676 130.179635 86.260983
-17.000000 115.000000 1.600000 5666.566968 94.097759 53.571572 127.755004 83.742432
-17.000000 120.000000 1.600000 5655.685321 93.008691 53.070274 126.311027 82.247510
-17.000000 125.000000 1.600000 5655.931067 92.731211 52.982782 125.847706 81.776218
-17.000000 130.000000 1.600000 5667.304206 93.265319 53.309097 126.365039 82.328555
-17.000000 135.000000 1.600000 5689.804739 94.611015 54.049219 127.863028 83.904523
-17.000000 140.000000 1.600000 5723.432665 96.768298 55.203147 130.341673 86.504120
-17.000000 145.000000 1.600000 5768.187983 99.737170 56.770882 133.800972 90.127347
-17.000000 150.000000 1.600000 5824.070695 103.517629 58.752424 138.240927 94.774203
-17.000000 155.000000 1.600000 5891.080801 108.109676 61.147772 143.661537 100.444689
-17.000000 160.000000 1.600000 5969.218299 113.513311 63.956926 150.062802 107.138805
-17.000000 165.000000 1.600000 6058.483190 119.728534 67.179887 157.444722 114.856551
-17.000000 170.000000 1.600000 6158.875475 126.755345 70.816655 165.807298 123.597926
-17.000000 175.000000 1.600000 6270.395153 134.593743 74.867229 175.150528 133.362932
-16.000000 10.000000 1.600000 9001.585890 327.126419 170.474106 405.595170 364.370984
-16.000000 15.000000 1.600000 8757.028986 308.994006 161.282870 383.557434 341.379838
-16.000000 20.000000 1.600000 8523.599475 291.673181 152.505441 362.500353 319.412321
-16.000000 25.000000 1.600000 8301.297358 275.163944 144.141818 342.423928 298.468435
-16.000000 30.000000 1.600000 8090.122633 259.466294 136.192002 323.328157 278.548178
-16.000000 35.000000 1.600000 7890.075302 244.580233 128.655992 305.213042 259.651551
-16.000000 40.000000 1.600000 7701.155364 230.505759 121.533789 288.078582 241.778553
-16.000000 45.000000 1.600000 7523.362820 217.242873 114.825393 271.924777 224.929185
-16.000000 50.000000 1.600000 7356.697668 204.791575 108.530803 256.751627 209.103447
-16.000000 55.000000 1.600000 7201.159910 193.151865 102.650019 242.559133 194.301339
-16.000000 60.000000 1.600000 7056.749545 182.323743 97.183043 229.347294 180.522861
-16.000000 65.000000 1.600000 6923.466573 172.307208 92.129872 217.116110 167.768012
-16.000000 70.000000 1.600000 6801.310994 163.102262 87.490509 205.865581 156.036793
-16.000000 75.000000 1.600000 6690.282808 154.708903 83.264952 195.595707 145.329203
-16.000000 80.000000 1.600000 6590.382016 147.127132 79.453201 186.306489 135.645244
-16.000000 85.000000 1.600000 6501.608616 140.356949 76.055257 177.997926 126.984914
-16.000000 90.000000 1.600000 6423.962610 134.398354 73.071120 170.670018 119.348213
-16.000000 95.000000 1.600000 6357.443997 129.251347 70.500789 164.322765 112.735143
-16.000000 100.000000 1.600000 6302.052777 124.915928 68.344265 158.956168 107.145702
-16.000000 105.000000 1.600000 6257.788951 121.392096 66.601547 154.570226 102.579891
-16.000000 110.000000 1.600000 6224.652517 118.679853 65.272636 151.164939 99.037710
-16.000000 115.000000 1.600000 6202.643477 116.779197 64.357532 148.740307 96.519158
-16.000000 120.000000 1.600000 6191.761830 115.690129 63.856234 147.296330 95.024236
-16.000000 125.000000 1.600000 6192.007576 115.412649 63.768742 146.833009 94.552944
-16.000000 130.000000 1.600000 6203.380716 115.946757 64.095057 147.350342 95.105282
-16.000000 135.000000 1.600000 6225.881248 117.292452 64.835179 148.848332 96.681249
-16.000000 140.000000 1.600000 6259.509174 119.449736 65.989107 151.326976 99.280846
-16.000000 145.000000 1.600000 6304.264492 122.418607 67.556842 154.786275 102.904073
-16.000000 150.000000 1.600000 6360.147204 126.199067 69.538383 159.226230 107.550930
-16.000000 155.000000 1.600000 6427.157310 130.791114 71.933731 164.646840 113.221416
-16.000000 160.000000 1.600000 6505.294808 136.194749 74.742886 171.048105 119.915532
-16.000000 165.000000 1.600000 6594.559700 142.409972 77.965847 178.430025 127.633278
-16.000000 170.000000 1.600000 6694.951984 149.436782 81.602615 186.792601 136.374653
-16.000000 175.000000 1.600000 6806.471662 157.275181 85.653189 196.135831 146.139658
-15.000000 10.000000 1.600000 9829.817529 363.079051 187.624037 439.323532 384.573293
-15.000000 15.000000 1.600000 9585.260626 344.946638 178.432802 417.285796 361.582147
-15.000000 20.000000 1.600000 9351.831115 327.625813 169.655372 396.228715 339.614631
-15.000000 25.000000 1.600000 9129.528998 311.116576 161.291750 376.152289 318.670744
-15.000000 30.000000 1.600000 8918.354273 295.418926 153.341933 357.056518 298.750487
-15.000000 35.000000 1.600000 8718.306942 280.532865 145.805924 338.941403 279.853860
-15.000000 40.000000 1.600000 8529.387004 266.458391 138.683721 321.806943 261.980862
-15.000000 45.000000 1.600000 8351.594460 253.195505 131.975324 305.653138 245.131495
-15.000000 50.000000 1.600000 8184.929308 240.744207 125.680734 290.479989 229.305757
-15.000000 55.000000 1.600000 8029.391550 229.104497 119.799951 276.287494 214.503648
-15.000000 60.000000 1.600000 7884.981184 218.276375 114.332974 263.075655 200.725170
-15.000000 65.000000 1.600000 7751.698212 208.259840 109.279804 250.844471 187.970321
-15.000000 70.000000 1.600000 7629.542634 199.054894 104.640441 239.593942 176.239102
-15.000000 75.000000 1.600000 7518.514448 190.661535 100.414883 229.324069 165.531512
-15.000000 80.000000 1.600000 7418.613655 183.079764 96.603133 220.034850 155.847553
-15.000000 85.000000 1.600000 7329.840256 176.309581 93.205189 211.726287 147.187223
-15.000000 90.000000 1.600000 7252.194250 170.350986 90.221052 204.398379 139.550523
-15.000000 95.000000 1.600000 7185.675637 165.203979 87.650721 198.051127 132.937452
-15.000000 100.000000 1.600000 7130.284417 160.868560 85.494197 192.684529 127.348011
-15.000000 105.000000 1.600000 7086.020591 157.344728 83.751479 188.298587 122.782200
-15.000000 110.000000 1.600000 7052.884157 154.632485 82.422568 184.893300 119.240019
-15.000000 115.000000 1.600000 7030.875117 152.731829 81.507463 182.468668 116.721467
-15.000000 120.000000 1.600000 7019.993470 151.642761 81.006165 181.024692 115.226546
-15.000000 125.000000 1.600000 7020.239216 151.365281 80.918674 180.561370 114.755253
-15.000000 130.000000 1.600000 7031.612355 151.899389 81.244989 181.078704 115.307591
-15.000000 135.000000 1.600000 7054.112888 153.245084 81.985111 182.576693 116.883558
-15.000000 140.000000 1.600000 7087.740813 155.402368 83.139039 185.055337 119.483155
-15.000000 145.000000 1.600000 7132.496132 158.371239 84.706774 188.514637 123.106382
-15.000000 150.000000 1.600000 7188.378844 162.151699 86.688315 192.954591 127.753239
-15.000000 155.000000 1.600000 7255.388949 166.743746 89.083663 198.375201 133.423725
-15.000000 160.000000 1.600000 7333.526448 172.147381 91.892818 204.776466 140.117841
-15.000000 165.000000 1.600000 7422.791339 178.362604 95.115779 212.158387 147.835587
-15.000000 170.000000 1.600000 7523.183624 185.389415 98.752546 220.520962 156.576962
-15.000000 175.000000 1.600000 7634.703302 193.227813 102.803121 229.864193 166.341967
-14.000000 10.000000 1.600000 10950.204300 412.302878 211.137941 485.794951 412.201185
-14.000000 15.000000 1.600000 10705.647396 394.170465 201.946705 463.757215 389.210039
-14.000000 20.000000 1.600000 10472.217885 376.849640 193.169276 442.700134 367.242522
-14.000000 25.000000 1.600000 10249.915768 360.340402 184.805653 422.623709 346.298636
-14.000000 30.000000 1.600000 10038.741044 344.642753 176.855837 403.527938 326.378379
-14.000000 35.000000 1.600000 9838.693713 329.756691 169.319827 385.412823 307.481751
-14.000000 40.000000 1.600000 9649.773775 315.682217 162.197624 368.278363 289.608754
-14.000000 45.000000 1.600000 9471.981230 302.419332 155.489228 352.124558 272.759386
-14.000000 50.000000 1.600000 9305.316078 289.968034 149.194638 336.951409 256.933648
-14.000000 55.000000 1.600000 9149.778320 278.328323 143.313855 322.758914 242.131540
-14.000000 60.000000 1.600000 9005.367955 267.500201 137.846878 309.547075 228.353061
-14.000000 65.000000 1.600000 8872.084983 257.483667 132.793708 297.315891 215.598213
-14.000000 70.000000 1.600000 8749.929404 248.278720 128.154344 286.065362 203.866993
-14.000000 75.000000 1.600000 8638.901218 239.885362 123.928787 275.795489 193.159404
-14.000000 80.000000 1.600000 8539.000426 232.303591 120.117036 266.506270 183.475444
-14.000000 85.000000 1.600000 8450.227027 225.533408 116.719093 258.197707 174.815114
-14.000000 90.000000 1.600000 8372.581020 219.574813 113.734955 250.869799 167.178414
-14.000000 95.000000 1.600000 8306.062408 214.427806 111.164624 244.522547 160.565344
-14.000000 100.000000 1.600000 8250.671188 210.092386 109.008100 239.155949 154.975903
-14.000000 105.000000 1.600000 8206.407361 206.568555 107.265382 234.770007 150.410092
-14.000000 110.000000 1.600000 8173.270928 203.856311 105.936471 231.364720 146.867911
-14.000000 115.000000 1.600000 8151.261888 201.955655 105.021367 228.940088 144.349359
-14.000000 120.000000 1.600000 8140.380240 200.866587 104.520069 227.496111 142.854437
-14.000000 125.000000 1.600000 8140.625987 200.589107 104.432577 227.032790 142.383145
-14.000000 130.000000 1.600000 8151.999126 201.123215 104.758892 227.550124 142.935483
-14.000000 135.000000 1.600000 8174.499658 202.468911 105.499014 229.048113 144.511450
-14.000000 140.000000 1.600000 8208.127584 204.626194 106.652942 231.526757 147.111047
-14.000000 145.000000 1.600000 8252.882903 207.595066 108.220677 234.986056 150.734274
-14.000000 150.000000 1.600000 8308.765615 211.375525 110.202219 239.426011 155.381130
-14.000000 155.000000 1.600000 8375.775720 215.967572 112.597567 244.846621 161.051617
-14.000000 160.000000 1.600000 8453.913218 221.371207 115.406721 251.247886 167.745733
-14.000000 165.000000 1.600000 8543.178110 227.586430 118.629682 258.629806 175.463478
-14.000000 170.000000 1.600000 8643.570395 234.613241 122.266450 266.992382 184.204854
-14.000000 175.000000 1.600000 8755.090072 242.451640 126.317024 276.335613 193.969859
-13.000000 10.000000 1.600000 12362.746201 474.797899 241.015816 545.009430 447.254659
-13.000000 15.000000 1.600000 12118.189297 456.665486 231.824580 522.971693 424.263513
-13.000000 20.000000 1.600000 11884.759787 439.344660 223.047151 501.914613 402.295997
-13.000000 25.000000 1.600000 11662.457669 422.835423 214.683528 481.838187 381.352110
-13.000000 30.000000 1.600000 11451.282945 407.137774 206.733712 462.742416 361.431853
-13.000000 35.000000 1.600000 11251.235614 392.251712 199.197703 444.627301 342.535226
-13.000000 40.000000 1.600000 11062.315676 378.177238 192.075500 427.492841 324.662228
-13.000000 45.000000 1.600000 10884.523131 364.914352 185.367103 411.339036 307.812861
-13.000000 50.000000 1.600000 10717.857980 352.463054 179.072513 396.165887 291.987123
-13.000000 55.000000 1.600000 10562.320221 340.823344 173.191730 381.973392 277.185014
-13.000000 60.000000 1.600000 10417.909856 329.995222 167.724753 368.761553 263.406536
-13.000000 65.000000 1.600000 10284.626884 319.978688 162.671583 356.530369 250.651687
-13.000000 70.000000 1.600000 10162.471305 310.773741 158.032219 345.279840 238.920468
-13.000000 75.000000 1.600000 10051.443120 302.380382 153.806662 335.009967 228.212878
-13.000000 80.000000 1.600000 9951.542327 294.798612 149.994912 325.720748 218.528919
-13.000000 85.000000 1.600000 9862.768928 288.028429 146.596968 317.412185 209.868589
-13.000000 90.000000 1.600000 9785.122922 282.069834 143.612830 310.084277 202.231889
-13.000000 95.000000 1.600000 9718.604309 276.922826 141.042500 303.737025 195.618818
-13.000000 100.000000 1.600000 9663.213089 272.587407 138.885975 298.370427 190.029377
-13.000000 105.000000 1.600000 9618.949262 269.063575 137.143258 293.984485 185.463566
-13.000000 110.000000 1.600000 9585.812829 266.351332 135.814347 290.579198 181.921385
-13.000000 115.000000 1.600000 9563.803789 264.450676 134.899242 288.154566 179.402833
-13.000000 120.000000 1.600000 9552.922142 263.361608 134.397944 286.710589 177.907912
-13.000000 125.000000 1.600000 9553.167888 263.084128 134.310453 286.247268 177.436619
-13.000000 130.000000 1.600000 9564.541027 263.618236 134.636768 286.764602 177.988957
-13.000000 135.000000 1.600000 9587.041559 264.963932 135.376889 288.262591 179.564924
-13.000000 140.000000 1.600000 9620.669485 267.121215 136.530818 290.741235 182.164521
-13.000000 145.000000 1.600000 9665.424804 270.090087 138.098553 294.200535 185.787748
-13.000000 150.000000 1.600000 9721.307516 273.870546 140.080094 298.640489 190.434605
-13.000000 155.000000 1.600000 9788.317621 278.462593 142.475442 304.061099 196.105091
-13.000000 160.000000 1.600000 9866.455119 283.866228 145.284596 310.462364 202.799207
-13.000000 165.000000 1.600000 9955.720011 290.081451 148.507558 317.844284 210.516953
-13.000000 170.000000 1.600000 10056.112296 297.108262 152.144325 326.206860 219.258328
-13.000000 175.000000 1.600000 10167.631974 304.946660 156.194899 335.550091 229.023333
-12.000000 10.000000 1.600000 14067.443233 550.564114 277.257663 616.966966 489.733716
-12.000000 15.000000 1.600000 13822.886329 532.431701 268.066427 594.929230 466.742570
-12.000000 20.000000 1.600000 13589.456819 515.110876 259.288998 573.872149 444.775053
-12.000000 25.000000 1.600000 13367.154701 498.601638 250.925375 553.795723 423.831167
-12.000000 30.000000 1.600000 13155.979977 482.903989 242.975559 534.699953 403.910910
-12.000000 35.000000 1.600000 12955.932646 468.017927 235.439550 516.584838 385.014283
-12.000000 40.000000 1.600000 12767.012708 453.943453 228.317347 499.450378 367.141285
-12.000000 45.000000 1.600000 12589.220163 440.680568 221.608950 483.296573 350.291917
-12.000000 50.000000 1.600000 12422.555012 428.229270 215.314360 468.123423 334.466179
-12.000000 55.000000 1.600000 12267.017253 416.589559 209.433577 453.930929 319.664071
-12.000000 60.000000 1.600000 12122.606888 405.761437 203.966600 440.719090 305.885593
-12.000000 65.000000 1.600000 11989.323916 395.744903 198.913430 428.487906 293.130744
-12.000000 70.000000 1.600000 11867.168337 386.539956 194.274066 417.237377 281.399525
-12.000000 75.000000 1.600000 11756.140151 378.146598 190.048509 406.967503 270.691935
-12.000000 80.000000 1.600000 11656.239359 370.564827 186.236759 397.678285 261.007976
-12.000000 85.000000 1.600000 11567.465960 363.794644 182.838815 389.369722 252.347646
-12.000000 90.000000 1.600000 11489.819954 357.836049 179.854677 382.041814 244.710945
-12.000000 95.000000 1.600000 11423.301341 352.689042 177.284347 375.694561 238.097875
-12.000000 100.000000 1.600000 11367.910121 348.353622 175.127822 370.327964 232.508434
-12.000000 105.000000 1.600000 11323.646294 344.829791 173.385105 365.942021 227.942623
-12.000000 110.000000 1.600000 11290.509861 342.117547 172.056194 362.536734 224.400442
-12.000000 115.000000 1.600000 11268.500821 340.216891 171.141089 360.112103 221.881890
-12.000000 120.000000 1.600000 11257.619174 339.127823 170.639791 358.668126 220.386968
-12.000000 125.000000 1.600000 11257.864920 338.850343 170.552300 358.204805 219.915676
-12.000000 130.000000 1.600000 11269.238059 339.384451 170.878615 358.722138 220.468014
-12.000000 135.000000 1.600000 11291.738591 340.730147 171.618737 360.220127 222.043981
-12.000000 140.000000 1.600000 11325.366517 342.887430 172.772665 362.698772 224.643578
-12.000000 145.000000 1.600000 11370.121836 345.856302 174.340400 366.158071 228.266805
-12.000000 150.000000 1.600000 11426.004548 349.636761 176.321941 370.598026 232.913662
-12.000000 155.000000 1.600000 11493.014653 354.228808 178.717289 376.018636 238.584148
-12.000000 160.000000 1.600000 11571.152151 359.632443 181.526444 382.419901 245.278264
-12.000000 165.000000 1.600000 11660.417043 365.847666 184.749405 389.801821 252.996009
-12.000000 170.000000 1.600000 11760.809328 372.874477 188.386172 398.164397 261.737385
-12.000000 175.000000 1.600000 11872.329005 380.712876 192.436746 407.507627 271.502390
