-18.000000 10.000000 1.200000 4425.087885 225.082183 121.912166 303.062170 298.807851
-18.000000 15.000000 1.200000 4162.399006 206.383141 112.435566 280.260827 274.945298
-18.000000 20.000000 1.200000 3911.663272 188.521046 103.385613 258.474074 252.145288
-18.000000 25.000000 1.200000 3672.880683 171.495900 94.762306 237.701911 230.407821
-18.000000 30.000000 1.200000 3446.051237 155.307701 86.565646 217.944337 209.732898
-18.000000 35.000000 1.200000 3231.174937 139.956450 78.795633 199.201353 190.120519
-18.000000 40.000000 1.200000 3028.251780 125.442147 71.452267 181.472959 171.570683
-18.000000 45.000000 1.200000 2837.281768 111.764791 64.535548 164.759154 154.083390
-18.000000 50.000000 1.200000 2658.264901 98.924384 58.045476 149.059940 137.658641
-18.000000 55.000000 1.200000 2491.201177 86.920924 51.982050 134.375315 122.296436
-18.000000 60.000000 1.200000 2336.090599 75.754412 46.345271 120.705280 107.996774
-18.000000 65.000000 1.200000 2192.933164 65.424848 41.135139 108.049835 94.759656
-18.000000 70.000000 1.200000 2061.728874 55.932231 36.351653 96.408979 82.585082
-18.000000 75.000000 1.200000 1942.477729 47.276563 31.994815 85.782713 71.473051
-18.000000 80.000000 1.200000 1835.179728 39.457842 28.064623 76.171037 61.423563
-18.000000 85.000000 1.200000 1739.834871 32.476069 24.561078 67.573951 52.436619
-18.000000 90.000000 1.200000 1656.443159 26.331244 21.484180 59.991455 44.512219
-18.000000 95.000000 1.200000 1585.004591 21.023366 18.833929 53.423548 37.650362
-18.000000 100.000000 1.200000 1525.519167 16.552437 16.610324 47.870231 31.851049
-18.000000 105.000000 1.200000 1477.986888 12.918455 14.813366 43.331504 27.114279
-18.000000 110.000000 1.200000 1442.407753 10.121421 13.443055 39.807367 23.440053
-18.000000 115.000000 1.200000 1418.781763 8.161335 12.499391 37.297819 20.828370
-18.000000 120.000000 1.200000 1407.108917 7.038197 11.982374 35.802862 19.279231
-18.000000 125.000000 1.200000 1407.389216 6.752007 11.892003 35.322494 18.792635
-18.000000 130.000000 1.200000 1419.622659 7.302764 12.228280 35.856715 19.368584
-18.000000 135.000000 1.200000 1443.809246 8.690469 12.991203 37.405527 21.007075
-18.000000 140.000000 1.200000 1479.948978 10.915122 14.180772 39.968928 23.708110
-18.000000 145.000000 1.200000 1528.041854 13.976723 15.796989 43.546919 27.471689
-18.000000 150.000000 1.200000 1588.087874 17.875271 17.839852 48.139500 32.297811
-18.000000 155.000000 1.200000 1660.087039 22.610768 20.309363 53.746671 38.186477
-18.000000 160.000000 1.200000 1744.039349 28.183212 23.205520 60.368431 45.137686
-18.000000 165.000000 1.200000 1839.944802 34.592604 26.528323 68.004782 53.151439
-18.000000 170.000000 1.200000 1947.803401 41.838944 30.277774 76.655722 62.227736
-18.000000 175.000000 1.200000 2067.615143 49.922232 34.453871 86.321251 72.366576
-17.000000 10.000000 1.200000 4687.739746 234.786480 126.471711 311.584321 304.356147
-17.000000 15.000000 1.200000 4425.050868 216.087438 116.995111 288.782978 280.493593
-17.000000 20.000000 1.200000 4174.315134 198.225343 107.945158 266.996224 257.693583
-17.000000 25.000000 1.200000 3935.532544 181.200196 99.321851 246.224061 235.956116
-17.000000 30.000000 1.200000 3708.703099 165.011998 91.125192 226.466487 215.281193
-17.000000 35.000000 1.200000 3493.826798 149.660747 83.355179 207.723503 195.668814
-17.000000 40.000000 1.200000 3290.903642 135.146443 76.011813 189.995109 177.118978
-17.000000 45.000000 1.200000 3099.933630 121.469088 69.095093 173.281305 159.631686
-17.000000 50.000000 1.200000 2920.916763 108.628680 62.605021 157.582090 143.206937
-17.000000 55.000000 1.200000 2753.853039 96.625221 56.541595 142.897465 127.844732
-17.000000 60.000000 1.200000 2598.742461 85.458709 50.904816 129.227430 113.545070
-17.000000 65.000000 1.200000 2455.585026 75.129144 45.694684 116.571985 100.307952
-17.000000 70.000000 1.200000 2324.380736 65.636528 40.911199 104.931129 88.133377
-17.000000 75.000000 1.200000 2205.129591 56.980859 36.554360 94.304864 77.021346
-17.000000 80.000000 1.200000 2097.831590 49.162139 32.624168 84.693188 66.971858
-17.000000 85.000000 1.200000 2002.486733 42.180366 29.120623 76.096101 57.984915
-17.000000 90.000000 1.200000 1919.095021 36.035541 26.043725 68.513605 50.060514
-17.000000 95.000000 1.200000 1847.656453 30.727663 23.393474 61.945698 43.198657
-17.000000 100.000000 1.200000 1788.171029 26.256734 21.169869 56.392382 37.399344
-17.000000 105.000000 1.200000 1740.638750 22.622752 19.372912 51.853654 32.662574
-17.000000 110.000000 1.200000 1705.059615 19.825718 18.002601 48.329517 28.988348
-17.000000 115.000000 1.200000 1681.433625 17.865632 17.058936 45.819970 26.376665
-17.000000 120.000000 1.200000 1669.760779 16.742494 16.541919 44.325012 24.827526
-17.000000 125.000000 1.200000 1670.041078 16.456303 16.451549 43.844644 24.340931
-17.000000 130.000000 1.200000 1682.274521 17.007061 16.787825 44.378866 24.916879
-17.000000 135.000000 1.200000 1706.461108 18.394766 17.550748 45.927677 26.555370
-17.000000 140.000000 1.200000 1742.600840 20.619419 18.740318 48.491079 29.256406
-17.000000 145.000000 1.200000 1790.693716 23.681020 20.356534 52.069070 33.019984
-17.000000 150.000000 1.200000 1850.739736 27.579568 22.399398 56.661651 37.846107
-17.000000 155.000000 1.200000 1922.738901 32.315065 24.868908 62.268821 43.734772
-17.000000 160.000000 1.200000 2006.691211 37.887509 27.765065 68.890582 50.685982
-17.000000 165.000000 1.200000 2102.596664 44.296901 31.087869 76.526932 58.699735
-17.000000 170.000000 1.200000 2210.455263 51.543241 34.837319 85.177872 67.776031
-17.000000 175.000000 1.200000 2330.267005 59.626528 39.013417 94.843402 77.914871
-16.000000 10.000000 1.200000 5264.903669 258.176679 137.593063 333.285073 317.604711
-16.000000 15.000000 1.200000 5002.214790 239.477636 128.116463 310.483730 293.742157
-16.000000 20.000000 1.200000 4751.479056 221.615542 119.066510 288.696976 270.942147
-16.000000 25.000000 1.200000 4512.696467 204.590395 110.443203 267.924813 249.204681
-16.000000 30.000000 1.200000 4285.867021 188.402196 102.246543 248.167239 228.529757
-16.000000 35.000000 1.200000 4070.990721 173.050945 94.476530 229.424255 208.917378
-16.000000 40.000000 1.200000 3868.067564 158.536642 87.133164 211.695861 190.367542
-16.000000 45.000000 1.200000 3677.097552 144.859287 80.216445 194.982057 172.880250
-16.000000 50.000000 1.200000 3498.080685 132.018879 73.726372 179.282842 156.455501
-16.000000 55.000000 1.200000 3331.016962 120.015419 67.662947 164.598217 141.093296
-16.000000 60.000000 1.200000 3175.906383 108.848907 62.026168 150.928182 126.793634
-16.000000 65.000000 1.200000 3032.748948 98.519343 56.816036 138.272737 113.556516
-16.000000 70.000000 1.200000 2901.544658 89.026727 52.032550 126.631881 101.381941
-16.000000 75.000000 1.200000 2782.293513 80.371058 47.675712 116.005616 90.269910
-16.000000 80.000000 1.200000 2674.995512 72.552337 43.745520 106.393940 80.220423
-16.000000 85.000000 1.200000 2579.650655 65.570564 40.241975 97.796853 71.233479
-16.000000 90.000000 1.200000 2496.258943 59.425739 37.165077 90.214357 63.309078
-16.000000 95.000000 1.200000 2424.820375 54.117862 34.514826 83.646450 56.447221
-16.000000 100.000000 1.200000 2365.334951 49.646933 32.291221 78.093134 50.647908
-16.000000 105.000000 1.200000 2317.802672 46.012951 30.494263 73.554406 45.911138
-16.000000 110.000000 1.200000 2282.223537 43.215917 29.123952 70.030269 42.236912
-16.000000 115.000000 1.200000 2258.597547 41.255831 28.180288 67.520722 39.625230
-16.000000 120.000000 1.200000 2246.924701 40.132693 27.663271 66.025764 38.076090
-16.000000 125.000000 1.200000 2247.205000 39.846502 27.572900 65.545396 37.589495
-16.000000 130.000000 1.200000 2259.438443 40.397259 27.909176 66.079618 38.165443
-16.000000 135.000000 1.200000 2283.625030 41.784965 28.672100 67.628429 39.803935
-16.000000 140.000000 1.200000 2319.764762 44.009618 29.861669 70.191831 42.504970
-16.000000 145.000000 1.200000 2367.857638 47.071218 31.477886 73.769822 46.268548
-16.000000 150.000000 1.200000 2427.903658 50.969767 33.520749 78.362403 51.094671
-16.000000 155.000000 1.200000 2499.902823 55.705263 35.990260 83.969573 56.983336
-16.000000 160.000000 1.200000 2583.855133 61.277708 38.886417 90.591334 63.934546
-16.000000 165.000000 1.200000 2679.760586 67.687100 42.209220 98.227684 71.948299
-16.000000 170.000000 1.200000 2787.619185 74.933439 45.958671 106.878624 81.024595
-16.000000 175.000000 1.200000 2907.430927 83.016727 50.134768 116.544154 91.163435
-15.000000 10.000000 1.200000 6156.579651 295.252779 155.276221 368.164426 338.553544
-15.000000 15.000000 1.200000 5893.890772 276.553737 145.799621 345.363083 314.690990
-15.000000 20.000000 1.200000 5643.155038 258.691643 136.749668 323.576330 291.890980
-15.000000 25.000000 1.200000 5404.372449 241.666496 128.126361 302.804167 270.153513
-15.000000 30.000000 1.200000 5177.543004 225.478297 119.929702 283.046593 249.478590
-15.000000 35.000000 1.200000 4962.666703 210.127046 112.159689 264.303609 229.866211
-15.000000 40.000000 1.200000 4759.743547 195.612743 104.816323 246.575215 211.316375
-15.000000 45.000000 1.200000 4568.773535 181.935387 97.899603 229.861410 193.829083
-15.000000 50.000000 1.200000 4389.756667 169.094980 91.409531 214.162196 177.404334
-15.000000 55.000000 1.200000 4222.692944 157.091520 85.346105 199.477571 162.042128
-15.000000 60.000000 1.200000 4067.582365 145.925008 79.709326 185.807536 147.742467
-15.000000 65.000000 1.200000 3924.424931 135.595444 74.499194 173.152091 134.505349
-15.000000 70.000000 1.200000 3793.220641 126.102827 69.715709 161.511235 122.330774
-15.000000 75.000000 1.200000 3673.969495 117.447159 65.358870 150.884969 111.218743
-15.000000 80.000000 1.200000 3566.671494 109.628438 61.428678 141.273293 101.169255
-15.000000 85.000000 1.200000 3471.326637 102.646665 57.925133 132.676207 92.182311
-15.000000 90.000000 1.200000 3387.934925 96.501840 54.848235 125.093711 84.257911
-15.000000 95.000000 1.200000 3316.496357 91.193963 52.197984 118.525804 77.396054
-15.000000 100.000000 1.200000 3257.010934 86.723033 49.974379 112.972487 71.596741
-15.000000 105.000000 1.200000 3209.478654 83.089051 48.177422 108.433760 66.859971
-15.000000 110.000000 1.200000 3173.899520 80.292018 46.807111 104.909623 63.185745
-15.000000 115.000000 1.200000 3150.273529 78.331932 45.863446 102.400075 60.574062
-15.000000 120.000000 1.200000 3138.600684 77.208793 45.346429 100.905118 59.024923
-15.000000 125.000000 1.200000 3138.880982 76.922603 45.256059 100.424750 58.538328
-15.000000 130.000000 1.200000 3151.114425 77.473360 45.592335 100.958971 59.114276
-15.000000 135.000000 1.200000 3175.301012 78.861065 46.355258 102.507783 60.752767
-15.000000 140.000000 1.200000 3211.440744 81.085718 47.544828 105.071184 63.453803
-15.000000 145.000000 1.200000 3259.533620 84.147319 49.161044 108.649175 67.217381
-15.000000 150.000000 1.200000 3319.579641 88.045868 51.203908 113.241756 72.043503
-15.000000 155.000000 1.200000 3391.578806 92.781364 53.673418 118.848927 77.932169
-15.000000 160.000000 1.200000 3475.531115 98.353808 56.569575 125.470687 84.883379
-15.000000 165.000000 1.200000 3571.436569 104.763200 59.892379 133.107038 92.897132
-15.000000 170.000000 1.200000 3679.295167 112.009540 63.641829 141.757978 101.973428
-15.000000 175.000000 1.200000 3799.106910 120.092828 67.817927 151.423507 112.112268
-14.000000 10.000000 1.200000 7362.767693 346.014782 179.521186 416.222382 367.202645
-14.000000 15.000000 1.200000 7100.078815 327.315740 170.044586 393.421039 343.340092
-14.000000 20.000000 1.200000 6849.343081 309.453645 160.994633 371.634286 320.540081
-14.000000 25.000000 1.200000 6610.560491 292.428498 152.371326 350.862122 298.802615
-14.000000 30.000000 1.200000 6383.731046 276.240300 144.174666 331.104548 278.127692
-14.000000 35.000000 1.200000 6168.854745 260.889049 136.404653 312.361564 258.515312
-14.000000 40.000000 1.200000 5965.931589 246.374745 129.061287 294.633170 239.965476
-14.000000 45.000000 1.200000 5774.961577 232.697390 122.144568 277.919366 222.478184
-14.000000 50.000000 1.200000 5595.944709 219.856982 115.654495 262.220151 206.053435
-14.000000 55.000000 1.200000 5428.880986 207.853522 109.591070 247.535526 190.691230
-14.000000 60.000000 1.200000 5273.770408 196.687010 103.954291 233.865491 176.391568
-14.000000 65.000000 1.200000 5130.612973 186.357446 98.744159 221.210046 163.154450
-14.000000 70.000000 1.200000 4999.408683 176.864830 93.960673 209.569191 150.979875
-14.000000 75.000000 1.200000 4880.157538 168.209161 89.603835 198.942925 139.867844
-14.000000 80.000000 1.200000 4772.859537 160.390441 85.673643 189.331249 129.818357
-14.000000 85.000000 1.200000 4677.514680 153.408668 82.170098 180.734163 120.831413
-14.000000 90.000000 1.200000 4594.122968 147.263843 79.093200 173.151666 112.907013
-14.000000 95.000000 1.200000 4522.684400 141.955965 76.442949 166.583760 106.045156
-14.000000 100.000000 1.200000 4463.198976 137.485036 74.219344 161.030443 100.245842
-14.000000 105.000000 1.200000 4415.666697 133.851054 72.422386 156.491716 95.509073
-14.000000 110.000000 1.200000 4380.087562 131.054020 71.052075 152.967578 91.834847
-14.000000 115.000000 1.200000 4356.461572 129.093934 70.108411 150.458031 89.223164
-14.000000 120.000000 1.200000 4344.788726 127.970796 69.591394 148.963073 87.674025
-14.000000 125.000000 1.200000 4345.069025 127.684605 69.501023 148.482705 87.187429
-14.000000 130.000000 1.200000 4357.302468 128.235363 69.837300 149.016927 87.763377
-14.000000 135.000000 1.200000 4381.489055 129.623068 70.600223 150.565738 89.401869
-14.000000 140.000000 1.200000 4417.628787 131.847721 71.789792 153.129140 92.102904
-14.000000 145.000000 1.200000 4465.721663 134.909322 73.406009 156.707131 95.866483
-14.000000 150.000000 1.200000 4525.767683 138.807870 75.448872 161.299712 100.692605
-14.000000 155.000000 1.200000 4597.766848 143.543367 77.918383 166.906882 106.581271
-14.000000 160.000000 1.200000 4681.719158 149.115811 80.814540 173.528643 113.532480
-14.000000 165.000000 1.200000 4777.624611 155.525203 84.137343 181.164993 121.546233
-14.000000 170.000000 1.200000 4885.483209 162.771543 87.886794 189.815933 130.622530
-14.000000 175.000000 1.200000 5005.294952 170.854830 92.062891 199.481463 140.761370
-13.000000 10.000000 1.200000 8883.467796 410.462686 210.327957 477.458939 403.552016
-13.000000 15.000000 1.200000 8620.778918 391.763644 200.851357 454.657596 379.689462
-13.000000 20.000000 1.200000 8370.043184 373.901550 191.801404 432.870843 356.889452
-13.000000 25.000000 1.200000 8131.260594 356.876403 183.178097 412.098679 335.151985
-13.000000 30.000000 1.200000 7904.431149 340.688204 174.981438 392.341106 314.477062
-13.000000 35.000000 1.200000 7689.554848 325.336953 167.211425 373.598122 294.864683
-13.000000 40.000000 1.200000 7486.631692 310.822650 159.868059 355.869727 276.314847
-13.000000 45.000000 1.200000 7295.661680 297.145294 152.951339 339.155923 258.827554
-13.000000 50.000000 1.200000 7116.644812 284.304887 146.461267 323.456708 242.402805
-13.000000 55.000000 1.200000 6949.581089 272.301427 140.397841 308.772084 227.040600
-13.000000 60.000000 1.200000 6794.470510 261.134915 134.761062 295.102049 212.740938
-13.000000 65.000000 1.200000 6651.313076 250.805351 129.550930 282.446603 199.503820
-13.000000 70.000000 1.200000 6520.108786 241.312734 124.767445 270.805748 187.329246
-13.000000 75.000000 1.200000 6400.857640 232.657066 120.410606 260.179482 176.217215
-13.000000 80.000000 1.200000 6293.559639 224.838345 116.480414 250.567806 166.167727
-13.000000 85.000000 1.200000 6198.214783 217.856572 112.976869 241.970720 157.180783
-13.000000 90.000000 1.200000 6114.823070 211.711747 109.899971 234.388223 149.256383
-13.000000 95.000000 1.200000 6043.384502 206.403870 107.249720 227.820317 142.394526
-13.000000 100.000000 1.200000 5983.899079 201.932940 105.026115 222.267000 136.595213
-13.000000 105.000000 1.200000 5936.366800 198.298959 103.229158 217.728273 131.858443
-13.000000 110.000000 1.200000 5900.787665 195.501925 101.858847 214.204136 128.184217
-13.000000 115.000000 1.200000 5877.161675 193.541839 100.915183 211.694588 125.572534
-13.000000 120.000000 1.200000 5865.488829 192.418700 100.398165 210.199630 124.023395
-13.000000 125.000000 1.200000 5865.769127 192.132510 100.307795 209.719262 123.536800
-13.000000 130.000000 1.200000 5878.002570 192.683267 100.644071 210.253484 124.112748
-13.000000 135.000000 1.200000 5902.189157 194.070972 101.406994 211.802296 125.751239
-13.000000 140.000000 1.200000 5938.328889 196.295625 102.596564 214.365697 128.452274
-13.000000 145.000000 1.200000 5986.421765 199.357226 104.212780 217.943688 132.215853
-13.000000 150.000000 1.200000 6046.467786 203.255775 106.255644 222.536269 137.041975
-13.000000 155.000000 1.200000 6118.466951 207.991271 108.725154 228.143440 142.930641
-13.000000 160.000000 1.200000 6202.419260 213.563715 111.621311 234.765200 149.881850
-13.000000 165.000000 1.200000 6298.324714 219.973107 114.944115 242.401550 157.895603
-13.000000 170.000000 1.200000 6406.183312 227.219447 118.693565 251.052490 166.971900
-13.000000 175.000000 1.200000 6525.995055 235.302735 122.869663 260.718020 177.110740
-12.000000 10.000000 1.200000 10718.679959 488.596493 247.696535 551.874098 447.601655
-12.000000 15.000000 1.200000 10455.991080 469.897450 238.219935 529.072755 423.739101
-12.000000 20.000000 1.200000 10205.255346 452.035356 229.169982 507.286002 400.939091
-12.000000 25.000000 1.200000 9966.472757 435.010209 220.546675 486.513838 379.201624
-12.000000 30.000000 1.200000 9739.643312 418.822010 212.350015 466.756264 358.526701
-12.000000 35.000000 1.200000 9524.767011 403.470759 204.580003 448.013281 338.914322
-12.000000 40.000000 1.200000 9321.843855 388.956456 197.236636 430.284886 320.364486
-12.000000 45.000000 1.200000 9130.873843 375.279101 190.319917 413.571082 302.877193
-12.000000 50.000000 1.200000 8951.856975 362.438693 183.829845 397.871867 286.452444
-12.000000 55.000000 1.200000 8784.793252 350.435233 177.766419 383.187242 271.090239
-12.000000 60.000000 1.200000 8629.682673 339.268721 172.129640 369.517207 256.790577
-12.000000 65.000000 1.200000 8486.525239 328.939157 166.919508 356.861762 243.553459
-12.000000 70.000000 1.200000 8355.320949 319.446541 162.136023 345.220907 231.378885
-12.000000 75.000000 1.200000 8236.069803 310.790872 157.779184 334.594641 220.266854
-12.000000 80.000000 1.200000 8128.771802 302.972152 153.848992 324.982965 210.217366
-12.000000 85.000000 1.200000 8033.426945 295.990379 150.345447 316.385879 201.230422
-12.000000 90.000000 1.200000 7950.035233 289.845553 147.268549 308.803382 193.306022
-12.000000 95.000000 1.200000 7878.596665 284.537676 144.618298 302.235476 186.444165
-12.000000 100.000000 1.200000 7819.111242 280.066747 142.394693 296.682159 180.644852
-12.000000 105.000000 1.200000 7771.578962 276.432765 140.597735 292.143432 175.908082
-12.000000 110.000000 1.200000 7735.999828 273.635731 139.227425 288.619294 172.233856
-12.000000 115.000000 1.200000 7712.373837 271.675645 138.283760 286.109747 169.622173
-12.000000 120.000000 1.200000 7700.700992 270.552507 137.766743 284.614789 168.073034
-12.000000 125.000000 1.200000 7700.981290 270.266316 137.676372 284.134421 167.586439
-12.000000 130.000000 1.200000 7713.214733 270.817074 138.012649 284.668643 168.162387
-12.000000 135.000000 1.200000 7737.401320 272.204779 138.775572 286.217454 169.800878
-12.000000 140.000000 1.200000 7773.541052 274.429432 139.965141 288.780856 172.501913
-12.000000 145.000000 1.200000 7821.633928 277.491032 141.581358 292.358847 176.265492
-12.000000 150.000000 1.200000 7881.679949 281.389581 143.624222 296.951428 181.091614
-12.000000 155.000000 1.200000 7953.679114 286.125077 146.093732 302.558599 186.980280
-12.000000 160.000000 1.200000 8037.631423 291.697522 148.989889 309.180359 193.931489
-12.000000 165.000000 1.200000 8133.536877 298.106914 152.312693 316.816709 201.945242
-12.000000 170.000000 1.200000 8241.395475 305.353254 156.062143 325.467649 211.021539
-12.000000 175.000000 1.200000 8361.207218 313.436541 160.238241 335.133179 221.160379
