-18.000000 10.000000 1.000000 2416.046951 189.290140 104.829435 264.957649 274.095506
-18.000000 15.000000 1.000000 2143.777981 170.301175 95.206687 241.759156 249.778641
-18.000000 20.000000 1.000000 1883.898462 152.162134 86.017163 219.592899 226.544609
-18.000000 25.000000 1.000000 1636.408396 134.873016 77.260861 198.458879 204.393410
-18.000000 30.000000 1.000000 1401.307782 118.433821 68.937782 178.357096 183.325045
-18.000000 35.000000 1.000000 1178.596620 102.844550 61.047926 159.287549 163.339513
-18.000000 40.000000 1.000000 968.274909 88.105203 53.591292 141.250240 144.436814
-18.000000 45.000000 1.000000 770.342651 74.215779 46.567881 124.245167 126.616949
-18.000000 50.000000 1.000000 584.799845 61.176279 39.977693 108.272331 109.879916
-18.000000 55.000000 1.000000 411.646490 48.986702 33.820727 93.331732 94.225717
-18.000000 60.000000 1.000000 250.882588 37.647049 28.096984 79.423369 79.654352
-18.000000 65.000000 1.000000 102.508137 27.157319 22.806464 66.547243 66.165819
-17.000000 10.000000 1.000000 2688.612309 199.144893 109.459433 273.625234 279.746497
-17.000000 15.000000 1.000000 2416.343339 180.155928 99.836686 250.426740 255.429632
-17.000000 20.000000 1.000000 2156.463820 162.016886 90.647161 228.260483 232.195600
-17.000000 25.000000 1.000000 1908.973754 144.727768 81.890860 207.126463 210.044402
-17.000000 30.000000 1.000000 1673.873140 128.288574 73.567780 187.024680 188.976036
-17.000000 35.000000 1.000000 1451.161978 112.699303 65.677924 167.955134 168.990504
-17.000000 40.000000 1.000000 1240.840267 97.959956 58.221290 149.917824 150.087805
-17.000000 45.000000 1.000000 1042.908009 84.070532 51.197879 132.912752 132.267940
-17.000000 50.000000 1.000000 857.365202 71.031032 44.607691 116.939915 115.530908
-17.000000 55.000000 1.000000 684.211848 58.841455 38.450725 101.999316 99.876709
-17.000000 60.000000 1.000000 523.447946 47.501801 32.726983 88.090954 85.305343
-17.000000 65.000000 1.000000 375.073495 37.012071 27.436462 75.214828 71.816810
-17.000000 70.000000 1.000000 239.088496 27.372265 22.579165 63.370939 59.411111
-17.000000 75.000000 1.000000 115.492950 18.582382 18.155090 52.559287 48.088245
-17.000000 80.000000 1.000000 4.286855 10.642423 14.164238 42.779871 37.848212
-17.000000 165.000000 1.000000 9.369396 5.701412 12.602828 34.462034 29.441142
-17.000000 170.000000 1.000000 121.173437 13.060076 16.409984 43.262880 38.692108
-17.000000 175.000000 1.000000 245.366929 21.268663 20.650364 53.095963 49.025907
-16.000000 10.000000 1.000000 3287.520635 222.897737 120.752562 295.697821 293.240857
-16.000000 15.000000 1.000000 3015.251664 203.908772 111.129815 272.499328 268.923992
-16.000000 20.000000 1.000000 2755.372146 185.769731 101.940290 250.333071 245.689960
-16.000000 25.000000 1.000000 2507.882080 168.480613 93.183988 229.199051 223.538762
-16.000000 30.000000 1.000000 2272.781466 152.041419 84.860909 209.097268 202.470396
-16.000000 35.000000 1.000000 2050.070304 136.452148 76.971053 190.027722 182.484864
-16.000000 40.000000 1.000000 1839.748593 121.712800 69.514419 171.990412 163.582166
-16.000000 45.000000 1.000000 1641.816335 107.823376 62.491008 154.985339 145.762300
-16.000000 50.000000 1.000000 1456.273528 94.783876 55.900820 139.012503 129.025268
-16.000000 55.000000 1.000000 1283.120174 82.594299 49.743854 124.071904 113.371069
-16.000000 60.000000 1.000000 1122.356271 71.254646 44.020111 110.163542 98.799703
-16.000000 65.000000 1.000000 973.981821 60.764916 38.729591 97.287416 85.311170
-16.000000 70.000000 1.000000 837.996822 51.125110 33.872294 85.443527 72.905471
-16.000000 75.000000 1.000000 714.401276 42.335227 29.448219 74.631875 61.582605
-16.000000 80.000000 1.000000 603.195181 34.395268 25.457367 64.852459 51.342572
-16.000000 85.000000 1.000000 504.378538 27.305232 21.899738 56.105280 42.185373
-16.000000 90.000000 1.000000 417.951348 21.065120 18.775331 48.390338 34.111006
-16.000000 95.000000 1.000000 343.913609 15.674931 16.084147 41.707633 27.119473
-16.000000 100.000000 1.000000 282.265322 11.134665 13.826186 36.057165 21.210774
-16.000000 105.000000 1.000000 233.006487 7.444324 12.001448 31.438933 16.384907
-16.000000 110.000000 1.000000 196.137104 4.603905 10.609932 27.852938 12.641874
-16.000000 115.000000 1.000000 171.657173 2.613411 9.651639 25.299180 9.981674
-16.000000 120.000000 1.000000 159.566695 1.472840 9.126568 23.777659 8.404307
-16.000000 125.000000 1.000000 159.865668 1.182192 9.034721 23.288374 7.909773
-16.000000 130.000000 1.000000 172.554092 1.741468 9.376096 23.831327 8.498073
-16.000000 135.000000 1.000000 197.631969 3.150667 10.150693 25.406516 10.169206
-16.000000 140.000000 1.000000 235.099298 5.409790 11.358514 28.013941 12.923172
-16.000000 145.000000 1.000000 284.956079 8.518836 12.999557 31.653604 16.759972
-16.000000 150.000000 1.000000 347.202312 12.477806 15.073823 36.325503 21.679605
-16.000000 155.000000 1.000000 421.837997 17.286699 17.581311 42.029639 27.682071
-16.000000 160.000000 1.000000 508.863133 22.945516 20.522023 48.766012 34.767370
-16.000000 165.000000 1.000000 608.277722 29.454256 23.895957 56.534622 42.935502
-16.000000 170.000000 1.000000 720.081763 36.812920 27.703113 65.335468 52.186468
-16.000000 175.000000 1.000000 844.275255 45.021508 31.943493 75.168551 62.520267
-15.000000 10.000000 1.000000 4212.771929 260.548674 138.708821 331.175413 314.578586
-15.000000 15.000000 1.000000 3940.502958 241.559709 129.086074 307.976919 290.261721
-15.000000 20.000000 1.000000 3680.623440 223.420667 119.896549 285.810663 267.027689
-15.000000 25.000000 1.000000 3433.133374 206.131549 111.140248 264.676643 244.876491
-15.000000 30.000000 1.000000 3198.032760 189.692355 102.817168 244.574860 223.808125
-15.000000 35.000000 1.000000 2975.321597 174.103084 94.927312 225.505313 203.822593
-15.000000 40.000000 1.000000 2764.999887 159.363737 87.470678 207.468004 184.919895
-15.000000 45.000000 1.000000 2567.067629 145.474313 80.447267 190.462931 167.100029
-15.000000 50.000000 1.000000 2381.524822 132.434813 73.857079 174.490095 150.362997
-15.000000 55.000000 1.000000 2208.371468 120.245236 67.700114 159.549495 134.708798
-15.000000 60.000000 1.000000 2047.607565 108.905582 61.976371 145.641133 120.137432
-15.000000 65.000000 1.000000 1899.233115 98.415852 56.685851 132.765007 106.648899
-15.000000 70.000000 1.000000 1763.248116 88.776046 51.828553 120.921118 94.243200
-15.000000 75.000000 1.000000 1639.652570 79.986163 47.404478 110.109466 82.920334
-15.000000 80.000000 1.000000 1528.446475 72.046204 43.413626 100.330050 72.680301
-15.000000 85.000000 1.000000 1429.629832 64.956168 39.855997 91.582872 63.523102
-15.000000 90.000000 1.000000 1343.202642 58.716056 36.731590 83.867930 55.448735
-15.000000 95.000000 1.000000 1269.164903 53.325867 34.040406 77.185225 48.457202
-15.000000 100.000000 1.000000 1207.516616 48.785602 31.782445 71.534756 42.548503
-15.000000 105.000000 1.000000 1158.257781 45.095260 29.957707 66.916525 37.722636
-15.000000 110.000000 1.000000 1121.388398 42.254842 28.566191 63.330530 33.979603
-15.000000 115.000000 1.000000 1096.908467 40.264347 27.607898 60.776772 31.319403
-15.000000 120.000000 1.000000 1084.817988 39.123776 27.082827 59.255250 29.742036
-15.000000 125.000000 1.000000 1085.116961 38.833128 26.990980 58.765966 29.247502
-15.000000 130.000000 1.000000 1097.805386 39.392404 27.332355 59.308918 29.835802
-15.000000 135.000000 1.000000 1122.883263 40.801603 28.106953 60.884107 31.506935
-15.000000 140.000000 1.000000 1160.350592 43.060726 29.314773 63.491533 34.260901
-15.000000 145.000000 1.000000 1210.207373 46.169772 30.955816 67.131195 38.097701
-15.000000 150.000000 1.000000 1272.453606 50.128742 33.030082 71.803094 43.017334
-15.000000 155.000000 1.000000 1347.089291 54.937636 35.537571 77.507231 49.019800
-15.000000 160.000000 1.000000 1434.114427 60.596453 38.478282 84.243603 56.105099
-15.000000 165.000000 1.000000 1533.529016 67.105193 41.852216 92.012213 64.273231
-15.000000 170.000000 1.000000 1645.333057 74.463857 45.659373 100.813059 73.524197
-15.000000 175.000000 1.000000 1769.526549 82.672444 49.899752 110.646142 83.857996
-14.000000 10.000000 1.000000 5464.366191 312.097702 163.328211 380.058008 343.759684
-14.000000 15.000000 1.000000 5192.097220 293.108737 153.705464 356.859514 319.442819
-14.000000 20.000000 1.000000 4932.217702 274.969696 144.515939 334.693258 296.208787
-14.000000 25.000000 1.000000 4684.727636 257.680578 135.759637 313.559238 274.057589
-14.000000 30.000000 1.000000 4449.627022 241.241383 127.436558 293.457454 252.989223
-14.000000 35.000000 1.000000 4226.915859 225.652112 119.546702 274.387908 233.003691
-14.000000 40.000000 1.000000 4016.594149 210.912765 112.090068 256.350598 214.100992
-14.000000 45.000000 1.000000 3818.661891 197.023341 105.066657 239.345526 196.281127
-14.000000 50.000000 1.000000 3633.119084 183.983841 98.476469 223.372690 179.544095
-14.000000 55.000000 1.000000 3459.965730 171.794264 92.319503 208.432090 163.889896
-14.000000 60.000000 1.000000 3299.201827 160.454611 86.595760 194.523728 149.318530
-14.000000 65.000000 1.000000 3150.827377 149.964881 81.305240 181.647602 135.829997
-14.000000 70.000000 1.000000 3014.842378 140.325074 76.447943 169.803713 123.424298
-14.000000 75.000000 1.000000 2891.246832 131.535192 72.023868 158.992061 112.101432
-14.000000 80.000000 1.000000 2780.040737 123.595232 68.033016 149.212645 101.861399
-14.000000 85.000000 1.000000 2681.224094 116.505197 64.475387 140.465467 92.704200
-14.000000 90.000000 1.000000 2594.796904 110.265084 61.350980 132.750525 84.629833
-14.000000 95.000000 1.000000 2520.759165 104.874895 58.659796 126.067819 77.638300
-14.000000 100.000000 1.000000 2459.110878 100.334630 56.401835 120.417351 71.729601
-14.000000 105.000000 1.000000 2409.852043 96.644288 54.577096 115.799119 66.903734
-14.000000 110.000000 1.000000 2372.982660 93.803870 53.185581 112.213125 63.160701
-14.000000 115.000000 1.000000 2348.502729 91.813375 52.227287 109.659366 60.500501
-14.000000 120.000000 1.000000 2336.412250 90.672804 51.702217 108.137845 58.923134
-14.000000 125.000000 1.000000 2336.711223 90.382157 51.610369 107.648561 58.428600
-14.000000 130.000000 1.000000 2349.399648 90.941432 51.951744 108.191513 59.016900
-14.000000 135.000000 1.000000 2374.477525 92.350632 52.726342 109.766702 60.688033
-14.000000 140.000000 1.000000 2411.944854 94.609754 53.934163 112.374128 63.441999
-14.000000 145.000000 1.000000 2461.801635 97.718801 55.575206 116.013790 67.278799
-14.000000 150.000000 1.000000 2524.047868 101.677771 57.649472 120.685689 72.198431
-14.000000 155.000000 1.000000 2598.683553 106.486664 60.156960 126.389825 78.200897
-14.000000 160.000000 1.000000 2685.708689 112.145481 63.097672 133.126198 85.286197
-14.000000 165.000000 1.000000 2785.123278 118.654221 66.471605 140.894808 93.454329
-14.000000 170.000000 1.000000 2896.927319 126.012885 70.278762 149.695654 102.705295
-14.000000 175.000000 1.000000 3021.120811 134.221472 74.519142 159.528737 113.039094
-13.000000 10.000000 1.000000 7042.303421 377.544822 194.610731 442.345606 380.784151
-13.000000 15.000000 1.000000 6770.034450 358.555857 184.987984 419.147112 356.467286
-13.000000 20.000000 1.000000 6510.154932 340.416816 175.798459 396.980856 333.233254
-13.000000 25.000000 1.000000 6262.664866 323.127698 167.042157 375.846836 311.082055
-13.000000 30.000000 1.000000 6027.564252 306.688504 158.719078 355.745053 290.013690
-13.000000 35.000000 1.000000 5804.853090 291.099233 150.829222 336.675506 270.028158
-13.000000 40.000000 1.000000 5594.531379 276.359885 143.372588 318.638197 251.125459
-13.000000 45.000000 1.000000 5396.599121 262.470461 136.349177 301.633124 233.305594
-13.000000 50.000000 1.000000 5211.056314 249.430961 129.758989 285.660288 216.568561
-13.000000 55.000000 1.000000 5037.902960 237.241384 123.602023 270.719688 200.914362
-13.000000 60.000000 1.000000 4877.139057 225.901731 117.878280 256.811326 186.342997
-13.000000 65.000000 1.000000 4728.764607 215.412001 112.587760 243.935200 172.854464
-13.000000 70.000000 1.000000 4592.779608 205.772195 107.730463 232.091311 160.448765
-13.000000 75.000000 1.000000 4469.184062 196.982312 103.306388 221.279659 149.125899
-13.000000 80.000000 1.000000 4357.977967 189.042353 99.315536 211.500243 138.885866
-13.000000 85.000000 1.000000 4259.161324 181.952317 95.757907 202.753065 129.728666
-13.000000 90.000000 1.000000 4172.734134 175.712204 92.633500 195.038123 121.654300
-13.000000 95.000000 1.000000 4098.696395 170.322016 89.942316 188.355418 114.662767
-13.000000 100.000000 1.000000 4037.048108 165.781750 87.684355 182.704949 108.754067
-13.000000 105.000000 1.000000 3987.789273 162.091409 85.859616 178.086718 103.928201
-13.000000 110.000000 1.000000 3950.919890 159.250990 84.468101 174.500723 100.185168
-13.000000 115.000000 1.000000 3926.439959 157.260496 83.509808 171.946965 97.524967
-13.000000 120.000000 1.000000 3914.349481 156.119924 82.984737 170.425443 95.947601
-13.000000 125.000000 1.000000 3914.648454 155.829277 82.892889 169.936159 95.453067
-13.000000 130.000000 1.000000 3927.336878 156.388553 83.234264 170.479111 96.041367
-13.000000 135.000000 1.000000 3952.414755 157.797752 84.008862 172.054300 97.712500
-13.000000 140.000000 1.000000 3989.882084 160.056875 85.216683 174.661726 100.466466
-13.000000 145.000000 1.000000 4039.738865 163.165921 86.857726 178.301388 104.303266
-13.000000 150.000000 1.000000 4101.985098 167.124891 88.931992 182.973288 109.222898
-13.000000 155.000000 1.000000 4176.620783 171.933784 91.439480 188.677424 115.225364
-13.000000 160.000000 1.000000 4263.645919 177.592601 94.380192 195.413796 122.310664
-13.000000 165.000000 1.000000 4363.060508 184.101341 97.754126 203.182406 130.478796
-13.000000 170.000000 1.000000 4474.864549 191.460005 101.561282 211.983252 139.729762
-13.000000 175.000000 1.000000 4599.058041 199.668593 105.801662 221.816335 150.063561
-12.000000 10.000000 1.000000 8946.583619 456.890034 232.556381 518.038208 425.651986
-12.000000 15.000000 1.000000 8674.314648 437.901069 222.933634 494.839714 401.335121
-12.000000 20.000000 1.000000 8414.435130 419.762028 213.744109 472.673457 378.101090
-12.000000 25.000000 1.000000 8166.945064 402.472910 204.987808 451.539438 355.949891
-12.000000 30.000000 1.000000 7931.844450 386.033716 196.664729 431.437654 334.881526
-12.000000 35.000000 1.000000 7709.133288 370.444445 188.774872 412.368108 314.895994
-12.000000 40.000000 1.000000 7498.811577 355.705097 181.318238 394.330798 295.993295
-12.000000 45.000000 1.000000 7300.879319 341.815674 174.294827 377.325726 278.173429
-12.000000 50.000000 1.000000 7115.336512 328.776173 167.704639 361.352889 261.436397
-12.000000 55.000000 1.000000 6942.183158 316.586596 161.547674 346.412290 245.782198
-12.000000 60.000000 1.000000 6781.419255 305.246943 155.823931 332.503928 231.210832
-12.000000 65.000000 1.000000 6633.044805 294.757213 150.533411 319.627802 217.722300
-12.000000 70.000000 1.000000 6497.059806 285.117407 145.676113 307.783913 205.316601
-12.000000 75.000000 1.000000 6373.464260 276.327524 141.252038 296.972261 193.993734
-12.000000 80.000000 1.000000 6262.258165 268.387565 137.261186 287.192845 183.753702
-12.000000 85.000000 1.000000 6163.441522 261.297529 133.703557 278.445666 174.596502
-12.000000 90.000000 1.000000 6077.014332 255.057417 130.579150 270.730725 166.522136
-12.000000 95.000000 1.000000 6002.976593 249.667228 127.887967 264.048019 159.530603
-12.000000 100.000000 1.000000 5941.328306 245.126963 125.630005 258.397551 153.621903
-12.000000 105.000000 1.000000 5892.069471 241.436621 123.805267 253.779319 148.796037
-12.000000 110.000000 1.000000 5855.200088 238.596203 122.413751 250.193324 145.053003
-12.000000 115.000000 1.000000 5830.720158 236.605708 121.455458 247.639566 142.392803
-12.000000 120.000000 1.000000 5818.629679 235.465137 120.930388 246.118045 140.815436
-12.000000 125.000000 1.000000 5818.928652 235.174489 120.838540 245.628760 140.320903
-12.000000 130.000000 1.000000 5831.617077 235.733765 121.179915 246.171713 140.909203
-12.000000 135.000000 1.000000 5856.694953 237.142964 121.954513 247.746902 142.580336
-12.000000 140.000000 1.000000 5894.162282 239.402087 123.162333 250.354327 145.334302
-12.000000 145.000000 1.000000 5944.019063 242.511133 124.803376 253.993990 149.171101
-12.000000 150.000000 1.000000 6006.265296 246.470103 126.877642 258.665889 154.090734
-12.000000 155.000000 1.000000 6080.900981 251.278996 129.385131 264.370025 160.093200
-12.000000 160.000000 1.000000 6167.926117 256.937813 132.325842 271.106398 167.178499
-12.000000 165.000000 1.000000 6267.340706 263.446554 135.699776 278.875008 175.346632
-12.000000 170.000000 1.000000 6379.144747 270.805217 139.506933 287.675854 184.597597
-12.000000 175.000000 1.000000 6503.338239 279.013805 143.747312 297.508937 194.931396
