-18.000000 10.000000 1.400000 6359.315649 260.327599 138.722884 340.185313 322.849394
-18.000000 15.000000 1.400000 6105.859814 241.914051 129.390109 317.770745 299.428602
-18.000000 20.000000 1.400000 5863.936635 224.324674 120.477508 296.353580 277.050625
-18.000000 25.000000 1.400000 5633.546110 207.559467 111.985083 275.933816 255.715465
-18.000000 30.000000 1.400000 5414.688241 191.618430 103.912833 256.511456 235.423119
-18.000000 35.000000 1.400000 5207.363025 176.501564 96.260758 238.086497 216.173590
-18.000000 40.000000 1.400000 5011.570465 162.208868 89.028859 220.658941 197.966875
-18.000000 45.000000 1.400000 4827.310560 148.740342 82.217135 204.228787 180.802977
-18.000000 50.000000 1.400000 4654.583309 136.095986 75.825586 188.796035 164.681894
-18.000000 55.000000 1.400000 4493.388713 124.275801 69.854213 174.360685 149.603626
-18.000000 60.000000 1.400000 4343.726772 113.279786 64.303015 160.922738 135.568174
-18.000000 65.000000 1.400000 4205.597486 103.107941 59.171992 148.482193 122.575537
-18.000000 70.000000 1.400000 4079.000854 93.760266 54.461145 137.039050 110.625716
-18.000000 75.000000 1.400000 3963.936877 85.236762 50.170473 126.593310 99.718710
-18.000000 80.000000 1.400000 3860.405555 77.537428 46.299976 117.144972 89.854520
-18.000000 85.000000 1.400000 3768.406888 70.662264 42.849655 108.694036 81.033146
-18.000000 90.000000 1.400000 3687.940875 64.611271 39.819509 101.240502 73.254586
-18.000000 95.000000 1.400000 3619.007518 59.384448 37.209539 94.784371 66.518843
-18.000000 100.000000 1.400000 3561.606815 54.981795 35.019743 89.325642 60.825915
-18.000000 105.000000 1.400000 3515.738767 51.403312 33.250123 84.864315 56.175802
-18.000000 110.000000 1.400000 3481.403373 48.649000 31.900679 81.400390 52.568505
-18.000000 115.000000 1.400000 3458.600635 46.718857 30.971409 78.933868 50.004024
-18.000000 120.000000 1.400000 3447.330551 45.612886 30.462315 77.464748 48.482358
-18.000000 125.000000 1.400000 3447.593122 45.331084 30.373397 76.993030 48.003507
-18.000000 130.000000 1.400000 3459.388348 45.873453 30.704653 77.518715 48.567472
-18.000000 135.000000 1.400000 3482.716228 47.239992 31.456085 79.041801 50.174253
-18.000000 140.000000 1.400000 3517.576764 49.430701 32.627693 81.562290 52.823849
-18.000000 145.000000 1.400000 3563.969954 52.445580 34.219476 85.080182 56.516261
-18.000000 150.000000 1.400000 3621.895799 56.284630 36.231434 89.595475 61.251488
-18.000000 155.000000 1.400000 3691.354298 60.947850 38.663567 95.108171 67.029530
-18.000000 160.000000 1.400000 3772.345453 66.435241 41.515876 101.618269 73.850388
-18.000000 165.000000 1.400000 3864.869262 72.746801 44.788360 109.125770 81.714062
-18.000000 170.000000 1.400000 3968.925726 79.882532 48.481019 117.630672 90.620551
-18.000000 175.000000 1.400000 4084.514845 87.842433 52.593854 127.132977 100.569856
-17.000000 10.000000 1.400000 6612.424243 269.883738 143.213099 348.565734 328.297772
-17.000000 15.000000 1.400000 6358.968409 251.470190 133.880323 326.151166 304.876980
-17.000000 20.000000 1.400000 6117.045229 233.880813 124.967723 304.734000 282.499003
-17.000000 25.000000 1.400000 5886.654705 217.115606 116.475297 284.314237 261.163843
-17.000000 30.000000 1.400000 5667.796835 201.174569 108.403047 264.891876 240.871497
-17.000000 35.000000 1.400000 5460.471620 186.057703 100.750973 246.466918 221.621968
-17.000000 40.000000 1.400000 5264.679060 171.765006 93.519073 229.039362 203.415253
-17.000000 45.000000 1.400000 5080.419154 158.296481 86.707350 212.609208 186.251355
-17.000000 50.000000 1.400000 4907.691903 145.652125 80.315801 197.176456 170.130272
-17.000000 55.000000 1.400000 4746.497307 133.831940 74.344428 182.741106 155.052004
-17.000000 60.000000 1.400000 4596.835366 122.835924 68.793230 169.303159 141.016552
-17.000000 65.000000 1.400000 4458.706080 112.664080 63.662207 156.862614 128.023915
-17.000000 70.000000 1.400000 4332.109448 103.316405 58.951360 145.419471 116.074094
-17.000000 75.000000 1.400000 4217.045472 94.792901 54.660688 134.973731 105.167088
-17.000000 80.000000 1.400000 4113.514149 87.093567 50.790191 125.525393 95.302898
-17.000000 85.000000 1.400000 4021.515482 80.218403 47.339870 117.074457 86.481524
-17.000000 90.000000 1.400000 3941.049470 74.167410 44.309724 109.620923 78.702964
-17.000000 95.000000 1.400000 3872.116112 68.940586 41.699753 103.164792 71.967221
-17.000000 100.000000 1.400000 3814.715409 64.537933 39.509958 97.706063 66.274293
-17.000000 105.000000 1.400000 3768.847361 60.959451 37.740338 93.244736 61.624180
-17.000000 110.000000 1.400000 3734.511968 58.205138 36.390893 89.780811 58.016883
-17.000000 115.000000 1.400000 3711.709229 56.274996 35.461624 87.314289 55.452402
-17.000000 120.000000 1.400000 3700.439145 55.169024 34.952530 85.845169 53.930736
-17.000000 125.000000 1.400000 3700.701716 54.887223 34.863611 85.373451 53.451885
-17.000000 130.000000 1.400000 3712.496942 55.429591 35.194868 85.899136 54.015850
-17.000000 135.000000 1.400000 3735.824823 56.796130 35.946300 87.422222 55.622631
-17.000000 140.000000 1.400000 3770.685358 58.986840 37.117908 89.942711 58.272227
-17.000000 145.000000 1.400000 3817.078548 62.001719 38.709690 93.460603 61.964639
-17.000000 150.000000 1.400000 3875.004393 65.840769 40.721648 97.975896 66.699866
-17.000000 155.000000 1.400000 3944.462893 70.503989 43.153782 103.488592 72.477908
-17.000000 160.000000 1.400000 4025.454047 75.991379 46.006090 109.998690 79.298766
-17.000000 165.000000 1.400000 4117.977856 82.302940 49.278574 117.506190 87.162440
-17.000000 170.000000 1.400000 4222.034320 89.438671 52.971234 126.011093 96.068929
-17.000000 175.000000 1.400000 4337.623439 97.398572 57.084068 135.513398 106.018234
-16.000000 10.000000 1.400000 7168.654562 292.916829 154.165410 369.904188 341.307200
-16.000000 15.000000 1.400000 6915.198727 274.503281 144.832634 347.489621 317.886409
-16.000000 20.000000 1.400000 6673.275548 256.913904 135.920033 326.072455 295.508432
-16.000000 25.000000 1.400000 6442.885023 240.148697 127.427608 305.652692 274.173272
-16.000000 30.000000 1.400000 6224.027154 224.207660 119.355358 286.230331 253.880926
-16.000000 35.000000 1.400000 6016.701939 209.090794 111.703284 267.805373 234.631397
-16.000000 40.000000 1.400000 5820.909378 194.798098 104.471384 250.377816 216.424682
-16.000000 45.000000 1.400000 5636.649473 181.329572 97.659660 233.947662 199.260784
-16.000000 50.000000 1.400000 5463.922222 168.685216 91.268112 218.514910 183.139700
-16.000000 55.000000 1.400000 5302.727626 156.865031 85.296738 204.079561 168.061433
-16.000000 60.000000 1.400000 5153.065685 145.869016 79.745540 190.641614 154.025981
-16.000000 65.000000 1.400000 5014.936399 135.697171 74.614518 178.201069 141.033344
-16.000000 70.000000 1.400000 4888.339767 126.349496 69.903670 166.757926 129.083523
-16.000000 75.000000 1.400000 4773.275790 117.825992 65.612999 156.312185 118.176517
-16.000000 80.000000 1.400000 4669.744468 110.126658 61.742502 146.863847 108.312327
-16.000000 85.000000 1.400000 4577.745801 103.251494 58.292181 138.412911 99.490952
-16.000000 90.000000 1.400000 4497.279788 97.200501 55.262035 130.959378 91.712393
-16.000000 95.000000 1.400000 4428.346431 91.973678 52.652064 124.503246 84.976650
-16.000000 100.000000 1.400000 4370.945728 87.571025 50.462269 119.044517 79.283722
-16.000000 105.000000 1.400000 4325.077680 83.992542 48.692649 114.583190 74.633609
-16.000000 110.000000 1.400000 4290.742286 81.238230 47.343204 111.119266 71.026312
-16.000000 115.000000 1.400000 4267.939548 79.308088 46.413935 108.652744 68.461831
-16.000000 120.000000 1.400000 4256.669464 78.202116 45.904841 107.183623 66.940165
-16.000000 125.000000 1.400000 4256.932035 77.920314 45.815922 106.711906 66.461314
-16.000000 130.000000 1.400000 4268.727261 78.462683 46.147179 107.237590 67.025279
-16.000000 135.000000 1.400000 4292.055141 79.829222 46.898611 108.760677 68.632060
-16.000000 140.000000 1.400000 4326.915677 82.019931 48.070218 111.281166 71.281656
-16.000000 145.000000 1.400000 4373.308867 85.034810 49.662001 114.799057 74.974067
-16.000000 150.000000 1.400000 4431.234712 88.873860 51.673959 119.314351 79.709295
-16.000000 155.000000 1.400000 4500.693211 93.537080 54.106092 124.827047 85.487337
-16.000000 160.000000 1.400000 4581.684366 99.024471 56.958401 131.337145 92.308195
-16.000000 165.000000 1.400000 4674.208175 105.336031 60.230885 138.844645 100.171869
-16.000000 170.000000 1.400000 4778.264639 112.471762 63.923544 147.349548 109.078358
-16.000000 175.000000 1.400000 4893.853758 120.431663 68.036379 156.851853 119.027663
-15.000000 10.000000 1.400000 8028.006605 329.426873 171.579817 404.200677 361.877680
-15.000000 15.000000 1.400000 7774.550770 311.013325 162.247041 381.786109 338.456889
-15.000000 20.000000 1.400000 7532.627591 293.423948 153.334440 360.368944 316.078912
-15.000000 25.000000 1.400000 7302.237066 276.658741 144.842015 339.949180 294.743751
-15.000000 30.000000 1.400000 7083.379197 260.717704 136.769765 320.526820 274.451406
-15.000000 35.000000 1.400000 6876.053981 245.600838 129.117690 302.101861 255.201876
-15.000000 40.000000 1.400000 6680.261421 231.308142 121.885791 284.674305 236.995162
-15.000000 45.000000 1.400000 6496.001516 217.839616 115.074067 268.244151 219.831263
-15.000000 50.000000 1.400000 6323.274265 205.195260 108.682518 252.811399 203.710180
-15.000000 55.000000 1.400000 6162.079669 193.375075 102.711145 238.376049 188.631913
-15.000000 60.000000 1.400000 6012.417728 182.379060 97.159947 224.938102 174.596460
-15.000000 65.000000 1.400000 5874.288442 172.207215 92.028925 212.497557 161.603824
-15.000000 70.000000 1.400000 5747.691810 162.859540 87.318077 201.054414 149.654003
-15.000000 75.000000 1.400000 5632.627833 154.336036 83.027405 190.608674 138.746997
-15.000000 80.000000 1.400000 5529.096511 146.636702 79.156909 181.160336 128.882807
-15.000000 85.000000 1.400000 5437.097844 139.761538 75.706587 172.709400 120.061432
-15.000000 90.000000 1.400000 5356.631831 133.710545 72.676441 165.255866 112.282873
-15.000000 95.000000 1.400000 5287.698474 128.483722 70.066471 158.799735 105.547130
-15.000000 100.000000 1.400000 5230.297771 124.081069 67.876675 153.341006 99.854202
-15.000000 105.000000 1.400000 5184.429723 120.502586 66.107056 148.879679 95.204089
-15.000000 110.000000 1.400000 5150.094329 117.748274 64.757611 145.415754 91.596792
-15.000000 115.000000 1.400000 5127.291591 115.818131 63.828342 142.949232 89.032310
-15.000000 120.000000 1.400000 5116.021507 114.712160 63.319248 141.480112 87.510645
-15.000000 125.000000 1.400000 5116.284078 114.430358 63.230329 141.008394 87.031794
-15.000000 130.000000 1.400000 5128.079304 114.972727 63.561586 141.534079 87.595759
-15.000000 135.000000 1.400000 5151.407184 116.339266 64.313018 143.057165 89.202540
-15.000000 140.000000 1.400000 5186.267720 118.529975 65.484625 145.577654 91.852136
-15.000000 145.000000 1.400000 5232.660910 121.544854 67.076408 149.095546 95.544547
-15.000000 150.000000 1.400000 5290.586755 125.383904 69.088366 153.610839 100.279774
-15.000000 155.000000 1.400000 5360.045254 130.047124 71.520499 159.123535 106.057817
-15.000000 160.000000 1.400000 5441.036409 135.534514 74.372808 165.633633 112.878675
-15.000000 165.000000 1.400000 5533.560218 141.846075 77.645292 173.141134 120.742349
-15.000000 170.000000 1.400000 5637.616682 148.981806 81.337951 181.646036 129.648838
-15.000000 175.000000 1.400000 5753.205801 156.941707 85.450786 191.148341 139.598143
-14.000000 10.000000 1.400000 9190.480372 379.413869 195.456319 451.455199 390.009211
-14.000000 15.000000 1.400000 8937.024538 361.000322 186.123544 429.040631 366.588419
-14.000000 20.000000 1.400000 8695.101358 343.410944 177.210943 407.623466 344.210443
-14.000000 25.000000 1.400000 8464.710834 326.645737 168.718518 387.203703 322.875282
-14.000000 30.000000 1.400000 8245.852964 310.704701 160.646268 367.781342 302.582937
-14.000000 35.000000 1.400000 8038.527749 295.587834 152.994193 349.356383 283.333407
-14.000000 40.000000 1.400000 7842.735188 281.295138 145.762294 331.928827 265.126693
-14.000000 45.000000 1.400000 7658.475283 267.826612 138.950570 315.498673 247.962794
-14.000000 50.000000 1.400000 7485.748032 255.182257 132.559021 300.065921 231.841711
-14.000000 55.000000 1.400000 7324.553436 243.362071 126.587648 285.630571 216.763443
-14.000000 60.000000 1.400000 7174.891495 232.366056 121.036450 272.192624 202.727991
-14.000000 65.000000 1.400000 7036.762209 222.194211 115.905427 259.752079 189.735355
-14.000000 70.000000 1.400000 6910.165577 212.846537 111.194580 248.308936 177.785533
-14.000000 75.000000 1.400000 6795.101600 204.323032 106.903908 237.863196 166.878528
-14.000000 80.000000 1.400000 6691.570278 196.623698 103.033411 228.414858 157.014338
-14.000000 85.000000 1.400000 6599.571611 189.748535 99.583090 219.963922 148.192963
-14.000000 90.000000 1.400000 6519.105599 183.697541 96.552944 212.510388 140.414404
-14.000000 95.000000 1.400000 6450.172241 178.470718 93.942974 206.054257 133.678660
-14.000000 100.000000 1.400000 6392.771538 174.068065 91.753178 200.595528 127.985732
-14.000000 105.000000 1.400000 6346.903490 170.489582 89.983558 196.134201 123.335620
-14.000000 110.000000 1.400000 6312.568097 167.735270 88.634114 192.670276 119.728323
-14.000000 115.000000 1.400000 6289.765358 165.805128 87.704844 190.203754 117.163841
-14.000000 120.000000 1.400000 6278.495274 164.699156 87.195750 188.734634 115.642175
-14.000000 125.000000 1.400000 6278.757845 164.417354 87.106832 188.262916 115.163325
-14.000000 130.000000 1.400000 6290.553071 164.959723 87.438088 188.788601 115.727290
-14.000000 135.000000 1.400000 6313.880952 166.326262 88.189520 190.311688 117.334070
-14.000000 140.000000 1.400000 6348.741487 168.516971 89.361128 192.832177 119.983666
-14.000000 145.000000 1.400000 6395.134677 171.531851 90.952911 196.350068 123.676078
-14.000000 150.000000 1.400000 6453.060522 175.370901 92.964869 200.865361 128.411305
-14.000000 155.000000 1.400000 6522.519022 180.034121 95.397002 206.378057 134.189348
-14.000000 160.000000 1.400000 6603.510176 185.521511 98.249311 212.888155 141.010206
-14.000000 165.000000 1.400000 6696.033985 191.833072 101.521795 220.395656 148.873880
-14.000000 170.000000 1.400000 6800.090449 198.968802 105.214454 228.900558 157.780369
-14.000000 175.000000 1.400000 6915.679568 206.928704 109.327289 238.402863 167.729673
-13.000000 10.000000 1.400000 10656.075863 442.877818 225.794918 511.667755 425.701793
-13.000000 15.000000 1.400000 10402.620029 424.464271 216.462142 489.253187 402.281001
-13.000000 20.000000 1.400000 10160.696850 406.874894 207.549542 467.836022 379.903025
-13.000000 25.000000 1.400000 9930.306325 390.109687 199.057116 447.416258 358.567864
-13.000000 30.000000 1.400000 9711.448455 374.168650 190.984866 427.993898 338.275519
-13.000000 35.000000 1.400000 9504.123240 359.051783 183.332792 409.568939 319.025989
-13.000000 40.000000 1.400000 9308.330680 344.759087 176.100893 392.141383 300.819275
-13.000000 45.000000 1.400000 9124.070775 331.290561 169.289169 375.711229 283.655376
-13.000000 50.000000 1.400000 8951.343524 318.646206 162.897620 360.278477 267.534293
-13.000000 55.000000 1.400000 8790.148928 306.826020 156.926247 345.843127 252.456025
-13.000000 60.000000 1.400000 8640.486987 295.830005 151.375049 332.405180 238.420573
-13.000000 65.000000 1.400000 8502.357700 285.658160 146.244026 319.964635 225.427936
-13.000000 70.000000 1.400000 8375.761069 276.310486 141.533179 308.521492 213.478115
-13.000000 75.000000 1.400000 8260.697092 267.786982 137.242507 298.075752 202.571109
-13.000000 80.000000 1.400000 8157.165770 260.087647 133.372010 288.627414 192.706919
-13.000000 85.000000 1.400000 8065.167103 253.212484 129.921689 280.176478 183.885545
-13.000000 90.000000 1.400000 7984.701090 247.161490 126.891543 272.722944 176.106986
-13.000000 95.000000 1.400000 7915.767733 241.934667 124.281572 266.266813 169.371242
-13.000000 100.000000 1.400000 7858.367030 237.532014 122.091777 260.808084 163.678314
-13.000000 105.000000 1.400000 7812.498982 233.953531 120.322157 256.346757 159.028202
-13.000000 110.000000 1.400000 7778.163588 231.199219 118.972712 252.882832 155.420904
-13.000000 115.000000 1.400000 7755.360850 229.269077 118.043443 250.416310 152.856423
-13.000000 120.000000 1.400000 7744.090766 228.163105 117.534349 248.947190 151.334757
-13.000000 125.000000 1.400000 7744.353337 227.881304 117.445431 248.475472 150.855907
-13.000000 130.000000 1.400000 7756.148563 228.423672 117.776687 249.001157 151.419872
-13.000000 135.000000 1.400000 7779.476443 229.790211 118.528119 250.524243 153.026652
-13.000000 140.000000 1.400000 7814.336978 231.980920 119.699727 253.044732 155.676248
-13.000000 145.000000 1.400000 7860.730169 234.995800 121.291509 256.562624 159.368660
-13.000000 150.000000 1.400000 7918.656013 238.834850 123.303467 261.077917 164.103887
-13.000000 155.000000 1.400000 7988.114513 243.498070 125.735601 266.590613 169.881929
-13.000000 160.000000 1.400000 8069.105668 248.985460 128.587909 273.100711 176.702788
-13.000000 165.000000 1.400000 8161.629477 255.297021 131.860393 280.608212 184.566461
-13.000000 170.000000 1.400000 8265.685941 262.432751 135.553053 289.113114 193.472950
-13.000000 175.000000 1.400000 8381.275060 270.392653 139.665887 298.615419 203.422255
-12.000000 10.000000 1.400000 12424.793079 519.818720 262.595613 584.838344 468.955425
-12.000000 15.000000 1.400000 12171.337245 501.405172 253.262837 562.423777 445.534634
-12.000000 20.000000 1.400000 11929.414066 483.815795 244.350237 541.006611 423.156657
-12.000000 25.000000 1.400000 11699.023541 467.050588 235.857811 520.586848 401.821497
-12.000000 30.000000 1.400000 11480.165671 451.109551 227.785561 501.164487 381.529151
-12.000000 35.000000 1.400000 11272.840456 435.992685 220.133487 482.739529 362.279622
-12.000000 40.000000 1.400000 11077.047896 421.699989 212.901587 465.311972 344.072907
-12.000000 45.000000 1.400000 10892.787990 408.231463 206.089863 448.881818 326.909009
-12.000000 50.000000 1.400000 10720.060740 395.587107 199.698315 433.449066 310.787925
-12.000000 55.000000 1.400000 10558.866144 383.766922 193.726942 419.013717 295.709658
-12.000000 60.000000 1.400000 10409.204203 372.770907 188.175744 405.575770 281.674206
-12.000000 65.000000 1.400000 10271.074916 362.599062 183.044721 393.135225 268.681569
-12.000000 70.000000 1.400000 10144.478285 353.251387 178.333874 381.692082 256.731748
-12.000000 75.000000 1.400000 10029.414308 344.727883 174.043202 371.246342 245.824742
-12.000000 80.000000 1.400000 9925.882986 337.028549 170.172705 361.798003 235.960552
-12.000000 85.000000 1.400000 9833.884319 330.153385 166.722384 353.347067 227.139177
-12.000000 90.000000 1.400000 9753.418306 324.102392 163.692238 345.893534 219.360618
-12.000000 95.000000 1.400000 9684.484948 318.875569 161.082267 339.437402 212.624875
-12.000000 100.000000 1.400000 9627.084246 314.472916 158.892472 333.978673 206.931947
-12.000000 105.000000 1.400000 9581.216197 310.894433 157.122852 329.517346 202.281834
-12.000000 110.000000 1.400000 9546.880804 308.140121 155.773407 326.053422 198.674537
-12.000000 115.000000 1.400000 9524.078065 306.209979 154.844138 323.586900 196.110056
-12.000000 120.000000 1.400000 9512.807982 305.104007 154.335044 322.117780 194.588390
-12.000000 125.000000 1.400000 9513.070553 304.822205 154.246125 321.646062 194.109539
-12.000000 130.000000 1.400000 9524.865778 305.364574 154.577382 322.171746 194.673504
-12.000000 135.000000 1.400000 9548.193659 306.731113 155.328814 323.694833 196.280285
-12.000000 140.000000 1.400000 9583.054194 308.921822 156.500421 326.215322 198.929881
-12.000000 145.000000 1.400000 9629.447384 311.936702 158.092204 329.733213 202.622292
-12.000000 150.000000 1.400000 9687.373229 315.775751 160.104162 334.248507 207.357519
-12.000000 155.000000 1.400000 9756.831729 320.438971 162.536296 339.761203 213.135562
-12.000000 160.000000 1.400000 9837.822883 325.926362 165.388604 346.271301 219.956420
-12.000000 165.000000 1.400000 9930.346693 332.237922 168.661088 353.778801 227.820094
-12.000000 170.000000 1.400000 10034.403157 339.373653 172.353748 362.283704 236.726583
-12.000000 175.000000 1.400000 10149.992276 347.333554 176.466582 371.786009 246.675888
