-18.000000 10.000000 2.000000 11741.143211 362.866955 187.568235 446.060932 391.174720
-18.000000 15.000000 2.000000 11513.431105 345.283996 178.653380 424.748635 369.008169
-18.000000 20.000000 2.000000 11296.079306 328.488033 170.139894 404.384750 347.828428
-18.000000 25.000000 2.000000 11089.087813 312.479067 162.027779 384.969276 327.635499
-18.000000 30.000000 2.000000 10892.456627 297.257097 154.317035 366.502214 308.429380
-18.000000 35.000000 2.000000 10706.185747 282.822124 147.007660 348.983563 290.210073
-18.000000 40.000000 2.000000 10530.275174 269.174147 140.099656 332.413324 272.977576
-18.000000 45.000000 2.000000 10364.724907 256.313167 133.593022 316.791496 256.731890
-18.000000 50.000000 2.000000 10209.534947 244.239184 127.487759 302.118080 241.473015
-18.000000 55.000000 2.000000 10064.705293 232.952197 121.783865 288.393076 227.200951
-18.000000 60.000000 2.000000 9930.235945 222.452207 116.481342 275.616482 213.915698
-18.000000 65.000000 2.000000 9806.126904 212.739213 111.580189 263.788301 201.617256
-18.000000 70.000000 2.000000 9692.378170 203.813216 107.080407 252.908530 190.305625
-18.000000 75.000000 2.000000 9588.989742 195.674215 102.981995 242.977172 179.980804
-18.000000 80.000000 2.000000 9495.961621 188.322211 99.284953 233.994224 170.642795
-18.000000 85.000000 2.000000 9413.293806 181.757204 95.989281 225.959689 162.291596
-18.000000 90.000000 2.000000 9340.986297 175.979193 93.094980 218.873564 154.927208
-18.000000 95.000000 2.000000 9279.039095 170.988179 90.602049 212.735852 148.549631
-18.000000 100.000000 2.000000 9227.452200 166.784161 88.510488 207.546550 143.158865
-18.000000 105.000000 2.000000 9186.225611 163.367140 86.820298 203.305661 138.754910
-18.000000 110.000000 2.000000 9155.359328 160.737116 85.531477 200.013182 135.337766
-18.000000 115.000000 2.000000 9134.853352 158.894088 84.644027 197.669116 132.907433
-18.000000 120.000000 2.000000 9124.707682 157.838056 84.157948 196.273460 131.463910
-18.000000 125.000000 2.000000 9124.922319 157.569022 84.073238 195.826216 131.007199
-18.000000 130.000000 2.000000 9135.497262 158.086983 84.389899 196.327384 131.537298
-18.000000 135.000000 2.000000 9156.432512 159.391942 85.107931 197.776963 133.054208
-18.000000 140.000000 2.000000 9187.728068 161.483897 86.227332 200.174954 135.557929
-18.000000 145.000000 2.000000 9229.383931 164.362848 87.748104 203.521356 139.048461
-18.000000 150.000000 2.000000 9281.400100 168.028796 89.670246 207.816170 143.525804
-18.000000 155.000000 2.000000 9343.776576 172.481741 91.993758 213.059395 148.989958
-18.000000 160.000000 2.000000 9416.513358 177.721682 94.718641 219.251032 155.440923
-18.000000 165.000000 2.000000 9499.610447 183.748620 97.844894 226.391080 162.878699
-18.000000 170.000000 2.000000 9593.067842 190.562554 101.372517 234.479539 171.303285
-18.000000 175.000000 2.000000 9696.885544 198.163485 105.301510 243.516411 180.714682
-17.000000 10.000000 2.000000 11967.704360 371.992058 191.857008 454.036918 396.339084
-17.000000 15.000000 2.000000 11739.992254 354.409099 182.942153 432.724621 374.172533
-17.000000 20.000000 2.000000 11522.640455 337.613136 174.428667 412.360736 352.992792
-17.000000 25.000000 2.000000 11315.648962 321.604169 166.316552 392.945263 332.799863
-17.000000 30.000000 2.000000 11119.017776 306.382200 158.605808 374.478200 313.593745
-17.000000 35.000000 2.000000 10932.746896 291.947227 151.296433 356.959550 295.374437
-17.000000 40.000000 2.000000 10756.836323 278.299250 144.388429 340.389310 278.141940
-17.000000 45.000000 2.000000 10591.286056 265.438270 137.881795 324.767483 261.896254
-17.000000 50.000000 2.000000 10436.096096 253.364287 131.776531 310.094067 246.637379
-17.000000 55.000000 2.000000 10291.266442 242.077300 126.072638 296.369062 232.365315
-17.000000 60.000000 2.000000 10156.797094 231.577310 120.770115 283.592469 219.080062
-17.000000 65.000000 2.000000 10032.688053 221.864316 115.868962 271.764287 206.781620
-17.000000 70.000000 2.000000 9918.939319 212.938319 111.369180 260.884517 195.469989
-17.000000 75.000000 2.000000 9815.550891 204.799318 107.270768 250.953158 185.145168
-17.000000 80.000000 2.000000 9722.522770 197.447314 103.573726 241.970211 175.807159
-17.000000 85.000000 2.000000 9639.854955 190.882307 100.278054 233.935675 167.455960
-17.000000 90.000000 2.000000 9567.547446 185.104296 97.383753 226.849551 160.091572
-17.000000 95.000000 2.000000 9505.600244 180.113282 94.890822 220.711838 153.713995
-17.000000 100.000000 2.000000 9454.013349 175.909264 92.799261 215.522537 148.323229
-17.000000 105.000000 2.000000 9412.786760 172.492243 91.109070 211.281647 143.919274
-17.000000 110.000000 2.000000 9381.920477 169.862219 89.820250 207.989169 140.502130
-17.000000 115.000000 2.000000 9361.414501 168.019191 88.932800 205.645102 138.071797
-17.000000 120.000000 2.000000 9351.268831 166.963159 88.446721 204.249447 136.628274
-17.000000 125.000000 2.000000 9351.483468 166.694124 88.362011 203.802203 136.171563
-17.000000 130.000000 2.000000 9362.058411 167.212086 88.678672 204.303371 136.701662
-17.000000 135.000000 2.000000 9382.993661 168.517045 89.396703 205.752950 138.218572
-17.000000 140.000000 2.000000 9414.289217 170.608999 90.516105 208.150940 140.722293
-17.000000 145.000000 2.000000 9455.945080 173.487951 92.036877 211.497343 144.212825
-17.000000 150.000000 2.000000 9507.961249 177.153899 93.959019 215.792156 148.690168
-17.000000 155.000000 2.000000 9570.337725 181.606844 96.282531 221.035381 154.154322
-17.000000 160.000000 2.000000 9643.074507 186.846785 99.007414 227.227018 160.605287
-17.000000 165.000000 2.000000 9726.171596 192.873723 102.133667 234.367066 168.043063
-17.000000 170.000000 2.000000 9819.628991 199.687657 105.661290 242.455526 176.467649
-17.000000 175.000000 2.000000 9923.446693 207.288588 109.590283 251.492397 185.879047
-16.000000 10.000000 2.000000 12465.694625 393.986218 202.318157 474.341890 408.668835
-16.000000 15.000000 2.000000 12237.982519 376.403258 193.403302 453.029594 386.502284
-16.000000 20.000000 2.000000 12020.630720 359.607296 184.889816 432.665709 365.322544
-16.000000 25.000000 2.000000 11813.639227 343.598329 176.777701 413.250235 345.129614
-16.000000 30.000000 2.000000 11617.008041 328.376360 169.066957 394.783173 325.923496
-16.000000 35.000000 2.000000 11430.737161 313.941386 161.757582 377.264522 307.704188
-16.000000 40.000000 2.000000 11254.826588 300.293410 154.849578 360.694283 290.471691
-16.000000 45.000000 2.000000 11089.276321 287.432430 148.342944 345.072455 274.226005
-16.000000 50.000000 2.000000 10934.086361 275.358446 142.237680 330.399039 258.967131
-16.000000 55.000000 2.000000 10789.256707 264.071460 136.533787 316.674034 244.695066
-16.000000 60.000000 2.000000 10654.787360 253.571469 131.231264 303.897441 231.409813
-16.000000 65.000000 2.000000 10530.678319 243.858476 126.330111 292.069259 219.111371
-16.000000 70.000000 2.000000 10416.929584 234.932479 121.830329 281.189489 207.799740
-16.000000 75.000000 2.000000 10313.541156 226.793478 117.731917 271.258131 197.474919
-16.000000 80.000000 2.000000 10220.513035 219.441474 114.034875 262.275183 188.136910
-16.000000 85.000000 2.000000 10137.845220 212.876467 110.739203 254.240648 179.785711
-16.000000 90.000000 2.000000 10065.537711 207.098456 107.844902 247.154523 172.421323
-16.000000 95.000000 2.000000 10003.590509 202.107442 105.351971 241.016811 166.043746
-16.000000 100.000000 2.000000 9952.003614 197.903424 103.260410 235.827509 160.652980
-16.000000 105.000000 2.000000 9910.777025 194.486403 101.570219 231.586620 156.249025
-16.000000 110.000000 2.000000 9879.910742 191.856378 100.281399 228.294141 152.831881
-16.000000 115.000000 2.000000 9859.404766 190.013350 99.393949 225.950074 150.401548
-16.000000 120.000000 2.000000 9849.259096 188.957319 98.907870 224.554419 148.958025
-16.000000 125.000000 2.000000 9849.473733 188.688284 98.823160 224.107175 148.501314
-16.000000 130.000000 2.000000 9860.048677 189.206246 99.139821 224.608343 149.031413
-16.000000 135.000000 2.000000 9880.983926 190.511204 99.857852 226.057922 150.548323
-16.000000 140.000000 2.000000 9912.279483 192.603159 100.977254 228.455913 153.052045
-16.000000 145.000000 2.000000 9953.935345 195.482111 102.498026 231.802315 156.542577
-16.000000 150.000000 2.000000 10005.951515 199.148059 104.420168 236.097129 161.019920
-16.000000 155.000000 2.000000 10068.327990 203.601004 106.743680 241.340354 166.484073
-16.000000 160.000000 2.000000 10141.064772 208.840945 109.468563 247.531991 172.935038
-16.000000 165.000000 2.000000 10224.161861 214.867883 112.594816 254.672039 180.372814
-16.000000 170.000000 2.000000 10317.619256 221.681817 116.122439 262.760498 188.797400
-16.000000 175.000000 2.000000 10421.436958 229.282748 120.051432 271.797369 198.208798
-15.000000 10.000000 2.000000 13235.114006 428.849435 218.951682 506.975849 428.163973
-15.000000 15.000000 2.000000 13007.401900 411.266475 210.036827 485.663552 405.997422
-15.000000 20.000000 2.000000 12790.050101 394.470513 201.523341 465.299667 384.817682
-15.000000 25.000000 2.000000 12583.058608 378.461546 193.411226 445.884194 364.624752
-15.000000 30.000000 2.000000 12386.427422 363.239577 185.700482 427.417131 345.418634
-15.000000 35.000000 2.000000 12200.156542 348.804603 178.391107 409.898481 327.199326
-15.000000 40.000000 2.000000 12024.245969 335.156627 171.483103 393.328242 309.966829
-15.000000 45.000000 2.000000 11858.695702 322.295647 164.976469 377.706414 293.721144
-15.000000 50.000000 2.000000 11703.505742 310.221663 158.871206 363.032998 278.462269
-15.000000 55.000000 2.000000 11558.676088 298.934677 153.167312 349.307993 264.190205
-15.000000 60.000000 2.000000 11424.206741 288.434686 147.864789 336.531400 250.904951
-15.000000 65.000000 2.000000 11300.097700 278.721693 142.963636 324.703218 238.606509
-15.000000 70.000000 2.000000 11186.348966 269.795696 138.463854 313.823448 227.294878
-15.000000 75.000000 2.000000 11082.960538 261.656695 134.365442 303.892089 216.970057
-15.000000 80.000000 2.000000 10989.932416 254.304691 130.668400 294.909142 207.632048
-15.000000 85.000000 2.000000 10907.264601 247.739684 127.372728 286.874606 199.280849
-15.000000 90.000000 2.000000 10834.957093 241.961673 124.478427 279.788482 191.916461
-15.000000 95.000000 2.000000 10773.009891 236.970659 121.985496 273.650769 185.538884
-15.000000 100.000000 2.000000 10721.422995 232.766641 119.893935 268.461468 180.148118
-15.000000 105.000000 2.000000 10680.196406 229.349620 118.203745 264.220578 175.744163
-15.000000 110.000000 2.000000 10649.330123 226.719595 116.914924 260.928100 172.327019
-15.000000 115.000000 2.000000 10628.824147 224.876567 116.027474 258.584033 169.896686
-15.000000 120.000000 2.000000 10618.678478 223.820536 115.541395 257.188378 168.453163
-15.000000 125.000000 2.000000 10618.893115 223.551501 115.456685 256.741134 167.996452
-15.000000 130.000000 2.000000 10629.468058 224.069463 115.773346 257.242302 168.526551
-15.000000 135.000000 2.000000 10650.403308 225.374421 116.491378 258.691881 170.043461
-15.000000 140.000000 2.000000 10681.698864 227.466376 117.610779 261.089872 172.547183
-15.000000 145.000000 2.000000 10723.354727 230.345328 119.131551 264.436274 176.037715
-15.000000 150.000000 2.000000 10775.370896 234.011276 121.053693 268.731087 180.515058
-15.000000 155.000000 2.000000 10837.747372 238.464221 123.377205 273.974313 185.979211
-15.000000 160.000000 2.000000 10910.484154 243.704162 126.102088 280.165949 192.430176
-15.000000 165.000000 2.000000 10993.581242 249.731100 129.228341 287.305997 199.867952
-15.000000 170.000000 2.000000 11087.038638 256.545034 132.755964 295.394457 208.292538
-15.000000 175.000000 2.000000 11190.856339 264.145965 136.684957 304.431328 217.703936
-14.000000 10.000000 2.000000 14275.962504 476.581709 241.757584 551.938794 454.824498
-14.000000 15.000000 2.000000 14048.250398 458.998749 232.842728 530.626497 432.657947
-14.000000 20.000000 2.000000 13830.898599 442.202787 224.329243 510.262612 411.478207
-14.000000 25.000000 2.000000 13623.907106 426.193820 216.217128 490.847138 391.285277
-14.000000 30.000000 2.000000 13427.275920 410.971851 208.506383 472.380076 372.079159
-14.000000 35.000000 2.000000 13241.005040 396.536877 201.197009 454.861426 353.859851
-14.000000 40.000000 2.000000 13065.094467 382.888901 194.289004 438.291186 336.627354
-14.000000 45.000000 2.000000 12899.544200 370.027921 187.782370 422.669359 320.381669
-14.000000 50.000000 2.000000 12744.354240 357.953937 181.677107 407.995943 305.122794
-14.000000 55.000000 2.000000 12599.524586 346.666951 175.973214 394.270938 290.850730
-14.000000 60.000000 2.000000 12465.055238 336.166960 170.670690 381.494345 277.565477
-14.000000 65.000000 2.000000 12340.946197 326.453967 165.769538 369.666163 265.267034
-14.000000 70.000000 2.000000 12227.197463 317.527970 161.269755 358.786393 253.955403
-14.000000 75.000000 2.000000 12123.809035 309.388969 157.171343 348.855034 243.630582
-14.000000 80.000000 2.000000 12030.780914 302.036965 153.474301 339.872087 234.292573
-14.000000 85.000000 2.000000 11948.113099 295.471958 150.178630 331.837551 225.941374
-14.000000 90.000000 2.000000 11875.805590 289.693947 147.284328 324.751427 218.576986
-14.000000 95.000000 2.000000 11813.858388 284.702933 144.791397 318.613714 212.199410
-14.000000 100.000000 2.000000 11762.271493 280.498915 142.699836 313.424413 206.808644
-14.000000 105.000000 2.000000 11721.044904 277.081894 141.009646 309.183523 202.404688
-14.000000 110.000000 2.000000 11690.178621 274.451869 139.720826 305.891045 198.987544
-14.000000 115.000000 2.000000 11669.672645 272.608841 138.833376 303.546978 196.557211
-14.000000 120.000000 2.000000 11659.526975 271.552810 138.347296 302.151323 195.113688
-14.000000 125.000000 2.000000 11659.741612 271.283775 138.262587 301.704079 194.656977
-14.000000 130.000000 2.000000 11670.316555 271.801737 138.579248 302.205246 195.187076
-14.000000 135.000000 2.000000 11691.251805 273.106695 139.297279 303.654826 196.703987
-14.000000 140.000000 2.000000 11722.547361 275.198650 140.416680 306.052816 199.207708
-14.000000 145.000000 2.000000 11764.203224 278.077602 141.937452 309.399219 202.698240
-14.000000 150.000000 2.000000 11816.219393 281.743550 143.859594 313.694032 207.175583
-14.000000 155.000000 2.000000 11878.595869 286.196495 146.183106 318.937257 212.639737
-14.000000 160.000000 2.000000 11951.332651 291.436436 148.907989 325.128894 219.090701
-14.000000 165.000000 2.000000 12034.429740 297.463374 152.034242 332.268942 226.528477
-14.000000 170.000000 2.000000 12127.887135 304.277308 155.561865 340.357402 234.953063
-14.000000 175.000000 2.000000 12231.704837 311.878239 159.490859 349.394273 244.364461
-13.000000 10.000000 2.000000 15588.240117 537.183040 270.735861 609.230725 488.650410
-13.000000 15.000000 2.000000 15360.528012 519.600081 261.821005 587.918428 466.483859
-13.000000 20.000000 2.000000 15143.176212 502.804118 253.307520 567.554543 445.304119
-13.000000 25.000000 2.000000 14936.184720 486.795151 245.195405 548.139069 425.111189
-13.000000 30.000000 2.000000 14739.553533 471.573182 237.484660 529.672007 405.905071
-13.000000 35.000000 2.000000 14553.282654 457.138209 230.175286 512.153357 387.685763
-13.000000 40.000000 2.000000 14377.372080 443.490232 223.267282 495.583117 370.453267
-13.000000 45.000000 2.000000 14211.821814 430.629252 216.760648 479.961290 354.207581
-13.000000 50.000000 2.000000 14056.631853 418.555269 210.655384 465.287873 338.948706
-13.000000 55.000000 2.000000 13911.802199 407.268282 204.951491 451.562869 324.676642
-13.000000 60.000000 2.000000 13777.332852 396.768291 199.648968 438.786276 311.391389
-13.000000 65.000000 2.000000 13653.223811 387.055298 194.747815 426.958094 299.092946
-13.000000 70.000000 2.000000 13539.475077 378.129301 190.248033 416.078324 287.781315
-13.000000 75.000000 2.000000 13436.086649 369.990300 186.149620 406.146965 277.456495
-13.000000 80.000000 2.000000 13343.058527 362.638296 182.452579 397.164018 268.118485
-13.000000 85.000000 2.000000 13260.390712 356.073289 179.156907 389.129482 259.767286
-13.000000 90.000000 2.000000 13188.083204 350.295278 176.262606 382.043358 252.402899
-13.000000 95.000000 2.000000 13126.136002 345.304264 173.769675 375.905645 246.025322
-13.000000 100.000000 2.000000 13074.549106 341.100246 171.678114 370.716344 240.634556
-13.000000 105.000000 2.000000 13033.322517 337.683225 169.987923 366.475454 236.230601
-13.000000 110.000000 2.000000 13002.456235 335.053200 168.699103 363.182976 232.813456
-13.000000 115.000000 2.000000 12981.950259 333.210173 167.811653 360.838909 230.383123
-13.000000 120.000000 2.000000 12971.804589 332.154141 167.325573 359.443254 228.939601
-13.000000 125.000000 2.000000 12972.019226 331.885106 167.240864 358.996010 228.482889
-13.000000 130.000000 2.000000 12982.594169 332.403068 167.557525 359.497177 229.012988
-13.000000 135.000000 2.000000 13003.529419 333.708027 168.275556 360.946757 230.529899
-13.000000 140.000000 2.000000 13034.824975 335.799981 169.394958 363.344747 233.033620
-13.000000 145.000000 2.000000 13076.480838 338.678933 170.915730 366.691149 236.524152
-13.000000 150.000000 2.000000 13128.497007 342.344881 172.837872 370.985963 241.001495
-13.000000 155.000000 2.000000 13190.873483 346.797826 175.161384 376.229188 246.465649
-13.000000 160.000000 2.000000 13263.610265 352.037767 177.886267 382.420825 252.916613
-13.000000 165.000000 2.000000 13346.707354 358.064705 181.012519 389.560873 260.354389
-13.000000 170.000000 2.000000 13440.164749 364.878639 184.540143 397.649333 268.778976
-13.000000 175.000000 2.000000 13543.982450 372.479570 188.469136 406.686204 278.190373
-12.000000 10.000000 2.000000 17171.946847 610.653428 305.886515 678.851642 529.641709
-12.000000 15.000000 2.000000 16944.234741 593.070469 296.971659 657.539345 507.475158
-12.000000 20.000000 2.000000 16726.882942 576.274506 288.458174 637.175460 486.295418
-12.000000 25.000000 2.000000 16519.891449 560.265540 280.346059 617.759986 466.102489
-12.000000 30.000000 2.000000 16323.260263 545.043570 272.635314 599.292924 446.896370
-12.000000 35.000000 2.000000 16136.989383 530.608597 265.325940 581.774274 428.677062
-12.000000 40.000000 2.000000 15961.078810 516.960620 258.417935 565.204034 411.444566
-12.000000 45.000000 2.000000 15795.528543 504.099640 251.911301 549.582207 395.198880
-12.000000 50.000000 2.000000 15640.338583 492.025657 245.806038 534.908791 379.940005
-12.000000 55.000000 2.000000 15495.508929 480.738670 240.102145 521.183786 365.667941
-12.000000 60.000000 2.000000 15361.039582 470.238680 234.799621 508.407193 352.382688
-12.000000 65.000000 2.000000 15236.930541 460.525686 229.898469 496.579011 340.084245
-12.000000 70.000000 2.000000 15123.181807 451.599689 225.398686 485.699241 328.772614
-12.000000 75.000000 2.000000 15019.793379 443.460688 221.300274 475.767882 318.447794
-12.000000 80.000000 2.000000 14926.765257 436.108684 217.603232 466.784935 309.109784
-12.000000 85.000000 2.000000 14844.097442 429.543677 214.307561 458.750399 300.758585
-12.000000 90.000000 2.000000 14771.789934 423.765666 211.413259 451.664275 293.394198
-12.000000 95.000000 2.000000 14709.842732 418.774652 208.920328 445.526562 287.016621
-12.000000 100.000000 2.000000 14658.255836 414.570634 206.828767 440.337261 281.625855
-12.000000 105.000000 2.000000 14617.029247 411.153613 205.138577 436.096371 277.221900
-12.000000 110.000000 2.000000 14586.162964 408.523589 203.849757 432.803893 273.804755
-12.000000 115.000000 2.000000 14565.656988 406.680561 202.962307 430.459826 271.374422
-12.000000 120.000000 2.000000 14555.511319 405.624529 202.476227 429.064171 269.930900
-12.000000 125.000000 2.000000 14555.725956 405.355495 202.391518 428.616927 269.474188
-12.000000 130.000000 2.000000 14566.300899 405.873456 202.708179 429.118094 270.004288
-12.000000 135.000000 2.000000 14587.236149 407.178415 203.426210 430.567674 271.521198
-12.000000 140.000000 2.000000 14618.531705 409.270370 204.545611 432.965664 274.024919
-12.000000 145.000000 2.000000 14660.187568 412.149321 206.066383 436.312067 277.515451
-12.000000 150.000000 2.000000 14712.203737 415.815269 207.988525 440.606880 281.992794
-12.000000 155.000000 2.000000 14774.580213 420.268214 210.312038 445.850105 287.456948
-12.000000 160.000000 2.000000 14847.316995 425.508155 213.036920 452.041742 293.907912
-12.000000 165.000000 2.000000 14930.414083 431.535093 216.163173 459.181790 301.345688
-12.000000 170.000000 2.000000 15023.871479 438.349027 219.690796 467.270250 309.770275
-12.000000 175.000000 2.000000 15127.689180 445.949958 223.619790 476.307121 319.181672
